100
0.009862
0.010100
0.009996
0.010052
0.009983
0.009759
0.009846
0.010008
0.010085
0.009909
0.010107
0.010161
0.010011
0.009956
0.009948
0.009979
0.010020
0.009991
0.010060
0.010080
0.009949
0.009897
0.010135
0.010042
0.010003
0.009957
0.009934
0.009838
0.010195
0.010249
0.009908
0.009959
0.010060
0.009947
0.009929
0.010107
0.010090
0.009974
0.009972
0.010072
0.009948
0.009853
0.009897
0.010078
0.010065
0.009894
0.009857
0.009941
0.010101
0.010026
0.010066
0.009982
0.009721
0.010000
0.009943
0.010012
0.009821
0.009753
0.010030
0.009955
0.010134
0.009949
0.009887
0.010062
0.010140
0.009946
0.010050
0.009894
0.009931
0.010009
0.009969
0.010067
0.010240
0.010009
0.009939
0.009982
0.009919
0.009890
0.009974
0.009817
0.010014
0.010036
0.009932
0.010211
0.010118
0.010143
0.010215
0.010173
0.010035
0.010009
0.009929
0.010037
0.010007
0.009941
0.010047
0.010123
0.010128
0.010025
0.010030
0.009966
