100
0.000041
0.000230
0.000455
0.000622
0.000901
0.001081
0.001270
0.001464
0.001590
0.001820
0.002045
0.002203
0.002498
0.002681
0.002955
0.003074
0.003152
0.003468
0.003672
0.003890
0.004021
0.004302
0.004481
0.004757
0.004904
0.005011
0.005250
0.005530
0.005572
0.005871
0.005954
0.006223
0.006327
0.006774
0.007040
0.007011
0.007333
0.007545
0.007664
0.007956
0.008269
0.008297
0.008282
0.008777
0.008880
0.009148
0.009307
0.009769
0.009778
0.009764
0.010113
0.010318
0.010427
0.010817
0.011010
0.011186
0.011130
0.011616
0.011770
0.011828
0.012162
0.012475
0.012392
0.012782
0.012931
0.013017
0.013280
0.013290
0.013612
0.013792
0.013990
0.014276
0.014596
0.014628
0.014688
0.015037
0.015380
0.015436
0.015636
0.015864
0.016116
0.016197
0.016564
0.016804
0.016901
0.017167
0.017242
0.017638
0.017745
0.017954
0.018432
0.018409
0.018639
0.018866
0.018858
0.019268
0.019377
0.019617
0.019756
0.020062
