100
0.010768
0.012237
0.011258
0.010768
0.006853
0.007342
0.008321
0.009300
0.011258
0.008811
0.010279
0.011258
0.010768
0.010768
0.015174
0.009790
0.009790
0.010279
0.011747
0.006853
0.011258
0.010279
0.006363
0.014195
0.012237
0.008321
0.008811
0.011258
0.006853
0.008321
0.010279
0.006853
0.007342
0.010279
0.006853
0.012237
0.011258
0.009790
0.012237
0.013216
0.008811
0.010768
0.008321
0.009300
0.007832
0.006363
0.006363
0.007342
0.010279
0.008811
0.013216
0.012237
0.008811
0.011747
0.013216
0.013705
0.009790
0.012726
0.008321
0.009300
0.008321
0.012237
0.012726
0.006363
0.010768
0.009300
0.007342
0.010768
0.009300
0.012726
0.011747
0.009790
0.011747
0.008321
0.007342
0.012237
0.009790
0.009790
0.007832
0.006853
0.011258
0.015174
0.011747
0.009790
0.009300
0.007342
0.010279
0.011258
0.011258
0.009300
0.007342
0.010279
0.008321
0.010279
0.012726
0.006853
0.011747
0.009300
0.011258
0.010768
