100
0.002514
0.002522
0.002533
0.002519
0.002498
0.002590
0.002470
0.002604
0.002461
0.002578
0.002507
0.002557
0.002503
0.002391
0.002521
0.002564
0.002519
0.002569
0.002521
0.002424
0.002515
0.002533
0.002438
0.002396
0.002459
0.002509
0.002532
0.002537
0.002524
0.002454
0.002486
0.002581
0.002463
0.002672
0.002454
0.002544
0.002545
0.002557
0.002511
0.002556
0.002513
0.002566
0.002563
0.002521
0.002512
0.002548
0.002559
0.002582
0.002546
0.002449
0.002563
0.002506
0.002481
0.002539
0.002455
0.002473
0.002385
0.002576
0.002477
0.002509
0.002441
0.002544
0.002548
0.002600
0.002551
0.002494
0.002490
0.002476
0.002480
0.002594
0.002503
0.002449
0.002492
0.002473
0.002479
0.002544
0.002527
0.002524
0.002545
0.002518
0.002538
0.002524
0.002593
0.002525
0.002437
0.002509
0.002529
0.002595
0.002596
0.002432
0.002572
0.002522
0.002532
0.002517
0.002572
0.002525
0.002535
0.252088
0.251714
0.251919
