100
0.002311
0.001651
0.000990
0.001321
0.001981
0.002641
0.002641
0.001651
0.002311
0.000990
0.001981
0.002641
0.001651
0.001651
0.004622
0.003301
0.003301
0.002641
0.002311
0.001981
0.002971
0.001651
0.002311
0.003632
0.000990
0.003962
0.001651
0.002641
0.002641
0.003301
0.003301
0.000990
0.003301
0.003962
0.002311
0.003632
0.001981
0.003632
0.003301
0.002971
0.005943
0.002311
0.002311
0.001651
0.003632
0.002971
0.002641
0.003301
0.004292
0.001651
0.002641
0.004292
0.002971
0.002311
0.002641
0.002641
0.000660
0.003632
0.003301
0.002641
0.000660
0.002971
0.002971
0.001651
0.003301
0.000330
0.002971
0.001651
0.001321
0.001321
0.003301
0.003632
0.001981
0.002971
0.002641
0.003632
0.002641
0.001651
0.001981
0.002311
0.002311
0.004292
0.002971
0.003962
0.001981
0.002641
0.002971
0.001321
0.003962
0.002641
0.001321
0.002311
0.004292
0.001321
0.003301
0.002311
0.004292
0.249587
0.248597
0.249587
