48 23
1 2 3 4 5 6 7 8 9 10 11 12 13 14 15 16 17 18 19 20 21 22 23
36 6 17 46 21 43 30 2 42 37 34 41 27 10 23 48 32 47 13 31 25 3 14 44 8 15 35 39 19 26 33 29 20 1 9 7 38 40 16 4 12 45 22 28 5 11 18 24
33 15 32 1 25 5 21 11 16 48 42 12 45 39 18 27 41 28 23 7 6 44 40 43 47 34 26 24 8 10 31 46 13 30 36 22 2 3 35 29 4 37 9 17 38 19 14 20
11 45 15 21 7 32 2 35 38 8 13 43 19 48 40 36 10 20 17 34 18 33 5 12 6 25 46 29 14 16 3 42 37 28 22 24 27 26 44 41 4 1 39 30 47 9 23 31
10 2 20 9 4 32 11 16 17 40 31 38 3 48 45 24 23 34 33 15 19 37 29 42 28 41 43 35 22 5 7 27 30 14 36 25 21 39 26 47 1 18 8 46 12 13 6 44
37 30 21 32 19 17 8 29 4 46 2 34 41 1 33 7 16 23 39 44 15 9 3 42 27 24 6 43 48 36 40 26 47 38 31 45 25 14 10 22 11 20 5 28 35 13 18 12
23 21 27 10 41 43 24 9 4 2 5 29 11 28 36 19 30 44 37 16 25 18 6 45 39 32 13 12 14 1 33 40 8 17 3 7 47 42 34 26 48 20 38 31 46 35 22 15
2 17 11 33 5 3 10 35 34 30 31 22 36 45 8 23 38 13 48 9 40 20 26 15 28 19 7 47 1 4 24 6 25 12 29 43 39 27 41 16 44 32 37 21 14 18 42 46
4 27 23 18 5 19 7 28 15 24 1 40 25 43 29 46 22 45 36 21 16 20 26 17 2 6 42 11 32 3 38 33 31 37 34 48 47 30 35 10 13 12 44 39 9 14 41 8
29 45 33 36 48 30 42 31 26 21 8 38 13 41 27 44 12 23 7 1 19 6 20 11 9 17 14 3 22 28 37 47 35 15 46 18 10 40 2 34 4 25 5 16 39 43 32 24
32 30 31 43 21 1 23 24 28 18 48 7 4 5 39 34 17 26 11 6 20 13 8 46 33 9 35 37 14 12 2 25 41 15 10 36 38 22 44 45 29 42 19 40 16 47 3 27
4 26 18 35 7 30 34 23 38 41 17 19 37 27 36 2 13 32 3 48 31 6 14 39 40 5 8 25 22 47 33 1 10 24 9 15 12 42 20 29 46 45 21 11 43 44 28 16
27 37 17 16 22 30 33 28 15 2 31 34 9 19 25 24 5 21 4 29 43 14 40 45 46 42 41 38 23 32 11 6 3 39 10 47 20 7 1 44 36 26 13 35 8 48 12 18
7 30 24 38 8 32 13 22 28 25 41 29 45 3 47 27 40 16 12 26 19 5 14 20 15 36 6 42 39 48 37 10 1 33 9 35 34 11 46 44 2 31 43 18 4 23 21 17
25 16 20 41 30 12 27 15 42 19 39 45 10 3 26 23 5 4 22 48 35 17 11 7 6 33 34 18 24 43 2 9 8 14 38 40 32 47 46 36 1 44 28 37 29 13 21 31
47 32 45 13 18 14 23 7 36 25 22 8 35 30 9 37 24 27 1 16 38 26 21 41 31 40 5 19 10 6 43 28 4 12 15 44 42 29 39 34 33 48 11 17 3 2 20 46
38 19 2 42 22 25 27 26 8 41 15 3 28 17 5 14 46 21 6 45 39 13 7 31 24 4 30 12 23 29 48 40 11 37 1 32 44 43 20 33 18 47 35 10 16 9 36 34
23 36 22 7 29 4 11 18 8 48 43 28 44 34 41 12 27 37 16 6 40 35 20 32 17 15 30 45 31 33 2 13 3 19 38 47 5 26 42 46 10 21 9 25 1 14 39 24
48 18 29 15 36 26 39 42 34 12 23 40 9 43 22 31 35 2 17 19 20 7 13 5 46 3 6 37 10 11 8 27 41 38 24 16 33 47 45 14 30 25 4 21 1 32 28 44
12 25 36 5 14 35 9 33 6 15 29 17 44 43 26 30 31 46 39 40 20 38 37 24 3 27 34 47 19 4 32 22 2 8 10 21 1 48 45 23 42 16 11 41 28 7 18 13
46 18 21 1 25 2 7 41 15 19 38 24 13 28 29 48 14 35 43 39 45 20 8 5 44 42 9 34 3 37 32 33 17 36 30 22 47 10 31 11 26 4 23 27 12 16 6 40
43 44 46 6 17 14 15 47 39 31 3 45 4 21 13 29 11 33 30 19 48 40 9 7 20 1 8 23 37 24 10 22 16 26 28 32 34 12 38 2 5 42 41 35 36 25 27 18
11 37 16 19 47 26 17 23 6 15 3 29 8 28 1 13 22 44 36 35 45 27 38 32 42 14 43 5 40 48 4 39 46 7 9 21 20 34 33 18 41 24 25 31 10 30 2 12
5 4 22 12 18 38 16 43 44 13 35 14 45 11 9 17 15 33 29 36 47 20 42 25 7 1 19 34 26 23 27 8 10 37 30 24 32 46 40 3 31 6 41 2 21 28 39 48
