48 23
1 2 3 4 5 6 7 8 9 10 11 12 13 14 15 16 17 18 19 20 21 22 23
24 31 48 47 46 45 44 43 42 41 40 39 38 37 36 35 34 33 32 30 29 28 27 26 25 23 22 21 20 19 18 17 16 15 14 13 12 11 10 9 8 7 6 5 4 3 2 1
25 26 48 47 46 45 44 43 42 41 40 39 38 37 36 35 34 33 32 31 30 29 28 27 24 23 22 21 20 19 18 17 16 15 14 13 12 11 10 9 8 7 6 5 4 3 2 1
26 31 48 47 46 45 44 43 42 41 40 39 38 37 36 35 34 33 32 30 29 28 27 25 24 23 22 21 20 19 18 17 16 15 14 13 12 11 10 9 8 7 6 5 4 3 2 1
27 32 48 47 46 45 44 43 42 41 40 39 38 37 36 35 34 33 31 30 29 28 26 25 24 23 22 21 20 19 18 17 16 15 14 13 12 11 10 9 8 7 6 5 4 3 2 1
28 29 48 47 46 45 44 43 42 41 40 39 38 37 36 35 34 33 32 31 30 27 26 25 24 23 22 21 20 19 18 17 16 15 14 13 12 11 10 9 8 7 6 5 4 3 2 1
29 32 48 47 46 45 44 43 42 41 40 39 38 37 36 35 34 33 31 30 28 27 26 25 24 23 22 21 20 19 18 17 16 15 14 13 12 11 10 9 8 7 6 5 4 3 2 1
30 35 48 47 46 45 44 43 42 41 40 39 38 37 36 34 33 32 31 29 28 27 26 25 24 23 22 21 20 19 18 17 16 15 14 13 12 11 10 9 8 7 6 5 4 3 2 1
31 34 48 47 46 45 44 43 42 41 40 39 38 37 36 35 33 32 30 29 28 27 26 25 24 23 22 21 20 19 18 17 16 15 14 13 12 11 10 9 8 7 6 5 4 3 2 1
32 33 48 47 46 45 44 43 42 41 40 39 38 37 36 35 34 31 30 29 28 27 26 25 24 23 22 21 20 19 18 17 16 15 14 13 12 11 10 9 8 7 6 5 4 3 2 1
33 35 48 47 46 45 44 43 42 41 40 39 38 37 36 34 32 31 30 29 28 27 26 25 24 23 22 21 20 19 18 17 16 15 14 13 12 11 10 9 8 7 6 5 4 3 2 1
34 35 48 47 46 45 44 43 42 41 40 39 38 37 36 33 32 31 30 29 28 27 26 25 24 23 22 21 20 19 18 17 16 15 14 13 12 11 10 9 8 7 6 5 4 3 2 1
35 36 48 47 46 45 44 43 42 41 40 39 38 37 34 33 32 31 30 29 28 27 26 25 24 23 22 21 20 19 18 17 16 15 14 13 12 11 10 9 8 7 6 5 4 3 2 1
36 35 9 10 4 11 12 8 7 1 5 6 3 2 37 48 47 46 45 44 43 42 41 40 39 38 34 33 32 31 30 29 28 27 26 25 24 23 22 21 20 19 18 17 16 15 14 13
37 36 6 13 10 4 9 7 12 2 5 11 3 8 1 38 48 47 46 45 44 43 42 41 40 39 35 34 33 32 31 30 29 28 27 26 25 24 23 22 21 20 19 18 17 16 15 14
38 37 7 5 10 1 11 14 3 4 6 9 12 8 2 13 39 48 47 46 45 44 43 42 41 40 36 35 34 33 32 31 30 29 28 27 26 25 24 23 22 21 20 19 18 17 16 15
39 38 2 13 14 7 8 1 11 10 9 6 5 3 15 4 12 40 48 47 46 45 44 43 42 41 37 36 35 34 33 32 31 30 29 28 27 26 25 24 23 22 21 20 19 18 17 16
40 39 6 13 12 8 9 7 4 3 16 10 11 5 14 2 15 1 41 48 47 46 45 44 43 42 38 37 36 35 34 33 32 31 30 29 28 27 26 25 24 23 22 21 20 19 18 17
41 40 5 6 3 4 17 8 1 10 14 11 7 15 2 16 12 13 9 42 48 47 46 45 44 43 39 38 37 36 35 34 33 32 31 30 29 28 27 26 25 24 23 22 21 20 19 18
42 41 14 7 17 10 13 9 1 4 2 12 8 15 3 16 11 6 5 18 43 48 47 46 45 44 40 39 38 37 36 35 34 33 32 31 30 29 28 27 26 25 24 23 22 21 20 19
43 42 7 14 19 11 13 2 4 8 15 18 9 10 1 5 6 16 12 3 17 44 48 47 46 45 41 40 39 38 37 36 35 34 33 32 31 30 29 28 27 26 25 24 23 22 21 20
44 43 6 15 4 8 14 19 16 3 1 10 7 13 12 18 5 11 2 20 17 9 45 48 47 46 42 41 40 39 38 37 36 35 34 33 32 31 30 29 28 27 26 25 24 23 22 21
45 44 5 7 19 2 8 1 6 14 16 11 9 17 20 18 15 4 13 3 10 21 12 46 48 47 43 42 41 40 39 38 37 36 35 34 33 32 31 30 29 28 27 26 25 24 23 22
46 45 13 10 23 18 5 20 17 8 4 2 14 11 7 15 19 21 6 9 22 3 12 16 1 47 48 44 43 42 41 40 39 38 37 36 35 34 33 32 31 30 29 28 27 26 25 24
