48 23
1 2 3 4 5 6 7 8 9 10 11 12 13 14 15 16 17 18 19 20 21 22 23
27 2 3 4 5 47 7 39 9 10 11 12 13 14 15 16 17 18 19 21 20 22 23 24 25 26 1 28 29 30 31 32 42 34 35 36 37 38 8 40 41 33 43 44 45 46 6 48
1 4 33 2 5 6 15 8 9 10 11 12 13 14 7 16 17 18 19 20 29 22 23 24 25 26 27 28 21 30 31 32 3 47 35 36 37 38 39 40 41 42 43 44 45 46 34 48
1 4 33 2 5 6 15 8 9 10 11 12 13 14 7 16 17 18 19 20 29 22 23 24 25 26 27 28 21 30 31 32 3 47 35 36 37 38 39 40 41 42 43 44 45 46 34 48
27 2 3 4 5 47 7 39 9 10 11 12 13 14 15 16 17 18 19 21 20 22 23 24 25 26 1 28 29 30 31 32 42 34 35 36 37 38 8 40 41 33 43 44 45 46 6 48
1 2 21 4 5 6 7 8 9 10 11 12 13 14 15 16 17 18 19 20 3 22 23 24 34 48 27 30 29 28 31 32 33 25 36 35 37 38 39 40 41 42 43 44 45 46 47 26
1 4 33 2 5 6 15 8 9 10 11 12 13 14 7 16 17 18 19 20 29 22 23 24 25 26 27 28 21 30 31 32 3 47 35 36 37 38 39 40 41 42 43 44 45 46 34 48
1 2 21 4 5 6 7 8 9 10 11 12 13 14 15 16 17 18 19 20 3 22 23 24 34 48 27 30 29 28 31 32 33 25 36 35 37 38 39 40 41 42 43 44 45 46 47 26
1 2 3 46 5 6 7 8 9 10 21 12 13 30 15 16 17 18 19 20 11 22 23 24 25 36 27 28 29 14 31 43 33 34 35 26 37 38 39 40 41 42 32 44 45 4 47 48
1 2 37 4 5 6 18 8 9 10 11 12 13 14 15 16 32 7 19 20 21 22 23 24 25 26 27 28 29 30 31 17 33 34 35 36 42 38 41 40 39 3 43 44 45 46 47 48
1 4 33 2 5 6 15 8 9 10 11 12 13 14 7 16 17 18 19 20 29 22 23 24 25 26 27 28 21 30 31 32 3 47 35 36 37 38 39 40 41 42 43 44 45 46 34 48
1 2 21 4 5 6 7 8 9 10 11 12 13 14 15 16 17 18 19 20 3 22 23 24 34 48 27 30 29 28 31 32 33 25 36 35 37 38 39 40 41 42 43 44 45 46 47 26
1 2 3 46 5 6 7 8 9 10 21 12 13 30 15 16 17 18 19 20 11 22 23 24 25 36 27 28 29 14 31 43 33 34 35 26 37 38 39 40 41 42 32 44 45 4 47 48
1 2 3 46 5 6 7 8 9 10 21 12 13 30 15 16 17 18 19 20 11 22 23 24 25 36 27 28 29 14 31 43 33 34 35 26 37 38 39 40 41 42 32 44 45 4 47 48
1 2 37 4 5 6 18 8 9 10 11 12 13 14 15 16 32 7 19 20 21 22 23 24 25 26 27 28 29 30 31 17 33 34 35 36 42 38 41 40 39 3 43 44 45 46 47 48
27 2 3 4 5 47 7 39 9 10 11 12 13 14 15 16 17 18 19 21 20 22 23 24 25 26 1 28 29 30 31 32 42 34 35 36 37 38 8 40 41 33 43 44 45 46 6 48
1 4 33 2 5 6 15 8 9 10 11 12 13 14 7 16 17 18 19 20 29 22 23 24 25 26 27 28 21 30 31 32 3 47 35 36 37 38 39 40 41 42 43 44 45 46 34 48
1 2 3 46 5 6 7 8 9 10 21 12 13 30 15 16 17 18 19 20 11 22 23 24 25 36 27 28 29 14 31 43 33 34 35 26 37 38 39 40 41 42 32 44 45 4 47 48
27 2 3 4 5 47 7 39 9 10 11 12 13 14 15 16 17 18 19 21 20 22 23 24 25 26 1 28 29 30 31 32 42 34 35 36 37 38 8 40 41 33 43 44 45 46 6 48
1 4 33 2 5 6 15 8 9 10 11 12 13 14 7 16 17 18 19 20 29 22 23 24 25 26 27 28 21 30 31 32 3 47 35 36 37 38 39 40 41 42 43 44 45 46 34 48
1 2 37 4 5 6 18 8 9 10 11 12 13 14 15 16 32 7 19 20 21 22 23 24 25 26 27 28 29 30 31 17 33 34 35 36 42 38 41 40 39 3 43 44 45 46 47 48
1 4 33 2 5 6 15 8 9 10 11 12 13 14 7 16 17 18 19 20 29 22 23 24 25 26 27 28 21 30 31 32 3 47 35 36 37 38 39 40 41 42 43 44 45 46 34 48
27 2 3 4 5 47 7 39 9 10 11 12 13 14 15 16 17 18 19 21 20 22 23 24 25 26 1 28 29 30 31 32 42 34 35 36 37 38 8 40 41 33 43 44 45 46 6 48
27 2 3 4 5 47 7 39 9 10 11 12 13 14 15 16 17 18 19 21 20 22 23 24 25 26 1 28 29 30 31 32 42 34 35 36 37 38 8 40 41 33 43 44 45 46 6 48
