79 39
1 2 3 4 5 6 7 8 9 10 11 12 13 14 15 16 17 18 19 20 21 22 23 24 25 26 27 28 29 30 31 32 33 34 35 36 37 38 39
53 19 35 55 76 64 22 43 20 27 63 60 13 33 67 38 5 62 14 12 73 48 56 39 3 77 47 71 16 26 69 1 28 7 21 46 24 72 36 50 59 9 42 44 34 66 31 40 75 61 52 23 79 10 68 54 65 30 8 11 2 74 6 15 32 57 37 41 49 4 25 18 58 78 29 45 70 17 51
34 57 41 39 50 10 71 60 51 38 69 6 3 64 25 28 58 22 74 43 17 24 67 35 48 65 78 62 12 4 1 8 29 44 63 49 2 31 66 73 9 15 46 11 7 13 40 61 33 56 68 47 14 76 70 52 55 79 23 20 16 27 53 21 30 32 26 42 36 72 77 19 45 59 18 75 37 54 5
28 57 35 9 42 22 27 76 51 64 41 52 5 43 67 61 70 73 14 79 66 8 75 7 33 68 20 11 55 12 72 50 58 21 36 32 6 40 49 69 2 46 25 65 48 59 39 77 3 34 18 1 29 56 62 13 10 74 60 63 16 30 44 38 78 53 26 15 24 54 37 71 45 17 23 31 4 47 19
12 55 76 25 2 7 10 78 79 11 14 68 1 15 51 72 33 52 73 26 13 71 34 5 74 75 9 19 63 67 41 22 60 16 4 23 65 18 70 46 37 36 58 29 17 62 57 64 50 40 42 56 3 44 38 21 35 77 45 61 69 24 28 30 39 49 48 32 59 8 6 66 47 54 31 20 43 27 53
45 26 28 72 47 56 77 59 57 3 14 76 43 64 75 50 65 42 51 73 79 20 5 38 66 8 17 36 70 60 1 49 67 13 71 40 24 41 9 32 25 12 2 68 10 52 54 27 61 21 44 62 34 69 55 35 16 18 33 6 23 30 19 78 4 7 63 29 22 15 39 11 53 48 46 74 58 37 31
26 24 38 59 74 71 75 70 18 51 13 62 50 31 61 28 77 79 56 34 32 57 41 8 45 60 42 49 30 33 2 25 16 65 15 46 67 9 73 5 52 53 69 76 36 66 68 19 12 1 21 27 23 14 4 78 20 17 35 58 6 55 43 3 37 64 47 40 10 7 22 63 11 44 48 29 72 54 39
32 64 26 3 48 10 30 71 31 49 73 77 11 46 2 1 40 28 38 27 63 57 51 60 33 23 22 14 36 69 76 52 12 61 43 59 21 34 45 18 37 66 7 53 44 56 65 8 54 75 6 79 39 25 47 16 74 17 55 9 4 19 42 20 67 41 5 62 58 29 24 70 35 68 72 50 15 13 78
70 32 9 4 6 13 42 76 71 64 68 21 38 3 39 59 60 55 27 56 23 35 66 63 54 78 16 7 50 18 30 8 17 46 47 19 33 11 75 49 34 48 79 65 51 67 12 41 74 44 69 53 31 52 14 72 26 24 2 5 37 62 45 61 28 1 29 58 57 73 15 20 77 10 22 25 40 36 43
77 44 56 10 33 32 9 5 52 3 19 69 48 23 59 18 58 35 72 14 49 67 47 36 21 55 46 42 7 13 40 57 1 12 22 26 68 79 64 65 30 73 78 43 38 71 75 34 63 29 24 25 20 54 50 53 31 8 41 51 6 45 4 74 76 17 61 70 62 16 66 27 37 28 11 39 15 2 60
15 42 72 79 68 12 66 56 17 55 18 61 37 4 69 26 29 43 50 16 22 20 73 3 9 70 23 19 52 38 11 51 60 46 31 33 67 25 78 77 71 39 35 48 41 62 7 30 49 27 13 63 58 1 45 21 8 2 6 40 10 24 65 34 59 14 5 44 53 75 57 74 47 76 54 64 28 36 32
71 52 12 57 41 7 48 14 42 76 22 56 16 1 72 35 10 17 15 23 67 39 37 46 75 43 68 13 30 29 24 51 79 34 4 2 33 31 78 40 6 55 61 44 18 27 63 19 45 47 62 53 21 69 64 58 3 28 5 38 11 59 36 73 66 50 9 25 74 49 26 77 65 32 60 8 20 54 70
34 7 20 5 56 25 29 28 57 17 74 44 77 46 49 41 50 10 73 55 66 18 19 23 58 69 54 63 30 70 35 4 48 2 51 11 67 37 52 72 15 3 24 32 12 61 65 38 14 27 60 31 39 71 75 64 1 79 6 43 42 26 36 22 53 76 21 40 78 68 8 47 13 9 62 45 16 33 59
27 49 24 11 78 69 68 63 79 37 8 54 13 74 65 17 73 48 75 60 67 64 42 15 43 38 47 77 12 23 51 40 28 72 7 61 70 14 66 30 56 58 52 59 26 76 41 71 57 18 19 32 4 16 2 22 34 21 39 50 3 44 45 46 20 62 10 6 9 55 31 35 5 25 1 36 29 53 33
27 3 67 14 41 74 25 35 20 24 13 8 23 9 47 68 37 17 58 31 69 26 65 70 60 18 12 4 45 32 55 48 44 19 34 52 2 73 49 39 57 16 21 64 42 59 11 50 66 53 72 15 22 46 54 75 62 38 63 79 51 1 30 76 7 78 28 61 43 5 36 33 77 71 6 56 10 29 40
24 53 14 46 15 30 26 13 31 48 59 61 55 36 47 18 28 8 22 70 57 7 56 35 3 78 58 72 1 66 27 2 63 34 79 16 38 32 69 51 41 42 76 29 54 37 6 71 10 25 74 12 65 44 60 21 43 9 49 62 5 50 19 68 23 39 40 67 4 52 73 77 20 75 64 45 17 33 11
15 27 31 59 64 50 71 25 46 74 63 13 77 51 22 23 40 60 2 34 12 18 8 35 36 75 48 28 17 69 38 33 20 4 42 21 62 45 79 24 76 44 3 10 56 6 32 9 65 70 37 29 61 43 5 41 11 58 66 26 14 54 78 72 1 47 55 7 39 52 68 57 16 73 53 19 49 67 30
61 9 77 47 10 59 46 79 54 62 2 5 33 19 40 57 58 53 25 74 17 28 12 6 4 16 48 18 35 38 11 36 42 23 7 24 56 67 60 22 73 65 64 30 8 49 29 1 68 44 27 34 43 15 51 70 71 21 13 32 31 26 69 39 50 66 3 78 55 52 76 45 63 37 41 14 20 75 72
42 47 54 68 7 73 17 70 27 31 14 66 8 62 30 61 46 11 59 51 72 43 35 10 60 19 56 50 21 78 5 32 34 69 55 24 37 65 53 71 79 1 22 23 20 63 15 44 18 48 29 64 41 12 67 77 4 33 38 57 2 13 39 26 16 76 49 9 6 45 40 52 58 28 25 75 3 36 74
75 79 3 48 56 19 43 30 36 78 73 41 28 69 24 4 32 31 50 67 20 74 1 34 47 13 65 17 14 44 29 9 63 71 15 7 6 39 5 33 77 35 18 58 42 62 45 70 54 8 25 46 27 52 53 23 51 22 49 11 38 59 12 60 64 61 66 26 16 37 40 10 55 76 2 68 21 72 57
59 5 26 18 57 47 11 9 2 33 12 69 8 63 76 66 61 13 60 1 4 64 27 52 68 55 24 3 39 42 37 65 15 62 51 49 28 20 29 34 71 56 50 25 40 67 30 6 32 16 74 45 14 77 70 19 43 48 44 72 7 41 54 35 17 46 38 58 53 31 23 22 36 79 10 21 73 78 75
45 2 40 29 63 1 13 14 74 4 58 69 7 44 78 61 15 26 19 76 73 67 47 35 17 16 68 49 11 42 34 6 12 22 20 25 65 71 62 10 24 52 27 79 28 9 51 75 50 77 70 48 23 66 3 46 32 21 57 33 30 53 43 54 60 37 38 18 31 8 56 72 41 59 39 64 5 36 55
47 22 78 28 24 67 29 66 30 60 75 45 32 57 70 33 69 79 50 39 43 36 31 40 59 73 42 10 17 37 72 71 35 7 77 19 20 51 65 61 52 55 41 23 15 74 54 5 11 62 3 2 9 48 58 44 21 16 12 64 34 13 49 26 6 63 4 25 1 27 38 76 53 46 8 18 68 56 14
76 13 1 12 7 74 65 38 19 30 49 8 36 18 4 41 56 77 35 45 23 29 34 75 44 50 48 62 22 24 32 64 68 31 40 78 66 63 69 79 21 9 52 53 71 33 5 54 28 17 15 70 43 46 6 51 10 20 42 60 2 59 58 37 25 16 61 73 67 57 27 72 3 26 11 39 55 14 47
51 33 13 12 63 34 20 60 8 62 25 46 41 6 52 39 11 37 78 67 2 32 14 48 18 70 40 23 27 58 54 35 59 28 68 30 19 5 53 9 71 43 10 7 61 75 64 36 56 42 16 72 15 1 77 38 4 57 55 66 22 17 45 44 26 65 3 29 31 74 79 69 24 47 49 76 21 50 73
50 71 79 3 8 31 35 6 33 13 32 48 77 37 11 55 56 57 61 53 43 67 59 62 38 46 47 5 42 36 12 73 49 54 68 9 24 25 10 75 64 15 1 7 39 78 20 26 52 22 4 63 27 70 2 60 29 40 51 45 21 69 74 16 76 17 30 58 14 19 41 65 72 18 28 44 66 23 34
40 50 44 79 74 59 66 33 22 25 52 54 48 36 38 1 60 15 68 10 46 70 12 62 4 35 13 18 6 11 19 76 5 17 55 71 16 30 53 77 65 41 3 34 28 56 43 26 42 27 64 21 14 75 37 58 23 24 67 45 72 61 78 49 2 32 57 20 8 73 63 7 47 51 39 69 31 9 29
43 63 65 71 57 4 30 54 38 72 79 45 8 52 77 27 19 61 50 75 24 42 12 9 15 39 46 14 23 25 18 37 29 36 11 58 68 41 7 70 26 20 21 73 59 44 6 10 3 35 32 56 64 34 49 67 78 51 22 13 40 69 28 48 47 60 17 16 31 5 55 76 74 62 33 53 66 2 1
49 36 30 64 10 17 71 15 27 19 76 13 7 5 24 62 41 34 2 59 54 67 1 39 28 12 38 20 74 66 18 35 11 43 14 78 45 26 23 60 44 47 65 16 25 79 31 53 37 46 6 56 57 68 73 70 77 55 61 29 51 58 42 32 9 72 52 4 40 8 69 50 33 21 75 3 48 63 22
51 55 50 58 74 76 27 32 66 53 21 72 75 8 65 64 43 9 45 23 1 24 35 67 34 31 62 4 10 79 39 40 37 15 28 78 57 6 19 11 25 70 48 61 73 56 60 26 77 63 7 16 52 54 33 29 68 30 36 5 2 18 71 3 22 20 47 42 69 59 49 14 41 46 17 38 12 13 44
5 21 71 19 55 40 24 77 12 1 61 22 53 48 39 2 52 29 75 72 8 17 25 44 59 14 43 38 16 31 78 11 68 9 4 26 20 33 50 70 66 7 28 18 37 69 67 76 32 3 64 47 73 27 79 58 74 35 13 6 34 23 36 51 56 65 30 45 57 60 41 54 49 46 15 63 62 42 10
61 32 72 45 77 53 47 40 14 30 31 63 68 39 41 11 29 9 55 67 21 4 20 59 58 75 24 25 49 13 36 64 8 19 69 18 73 5 17 28 50 7 3 48 43 60 79 71 57 16 70 42 2 76 10 74 33 66 44 62 51 23 78 26 46 65 54 1 37 52 34 35 6 12 27 38 56 22 15
37 29 6 53 3 23 7 42 2 63 32 14 10 39 31 15 66 22 68 33 18 25 49 28 5 72 17 16 27 48 52 8 34 24 36 57 71 41 76 30 62 65 64 11 60 79 44 58 73 4 9 45 54 35 19 12 40 56 13 55 38 26 1 43 69 61 51 47 67 50 70 46 74 77 59 21 20 75 78
7 40 59 46 58 53 27 77 79 10 51 28 1 49 48 62 23 36 33 13 34 64 16 4 68 78 43 60 8 12 52 29 61 26 11 66 21 74 24 2 30 56 15 35 20 47 5 63 67 41 55 69 39 25 19 31 9 37 50 73 32 75 70 17 3 6 54 76 45 71 14 72 44 38 57 42 22 18 65
58 64 55 16 69 27 62 41 37 39 48 74 3 8 11 40 13 70 24 18 63 19 54 1 23 28 38 4 75 34 53 43 6 5 78 68 51 14 66 15 45 59 60 79 71 29 2 33 73 30 20 50 26 72 17 22 31 21 61 32 65 10 35 42 9 67 12 44 52 76 49 36 47 56 77 46 25 7 57
48 17 68 74 11 32 14 13 5 62 28 44 27 10 29 43 4 31 59 50 46 60 63 53 40 21 19 37 3 20 9 79 77 56 36 45 30 58 71 1 33 15 24 12 39 64 42 25 23 54 22 73 7 41 8 76 61 70 26 72 34 66 51 18 47 69 75 52 49 35 16 38 67 55 6 2 78 65 57
4 40 27 65 78 48 67 5 30 71 7 47 64 53 38 37 46 62 16 3 15 29 28 42 23 61 52 10 59 21 70 39 31 69 17 13 25 43 14 32 24 44 75 35 58 79 33 74 49 18 72 57 45 20 11 50 76 55 68 63 6 60 9 12 77 73 41 26 8 36 66 34 56 2 54 22 51 1 19
31 4 53 50 58 67 51 21 61 11 30 55 65 16 48 41 60 74 73 49 6 5 3 42 12 69 64 59 1 18 7 47 13 25 8 68 66 37 78 23 40 33 38 9 54 32 43 22 19 17 46 14 57 44 34 36 15 2 75 35 76 26 72 79 70 62 28 56 29 77 24 63 45 20 10 39 27 71 52
22 63 45 27 23 47 30 52 64 66 62 19 35 7 78 18 57 41 79 31 76 29 13 73 72 3 36 61 37 20 43 68 53 46 28 75 39 55 54 70 67 44 15 10 1 32 2 34 8 11 58 77 24 26 65 69 17 21 14 59 74 12 71 48 6 9 60 56 25 49 51 42 16 33 5 38 50 40 4
39 54 52 14 43 20 48 69 30 27 46 12 38 4 3 34 51 45 42 49 74 23 68 2 40 53 47 16 7 8 56 75 28 77 36 55 59 25 15 60 79 31 62 66 18 67 17 35 24 19 10 78 58 5 6 33 61 70 57 21 13 1 65 29 63 22 11 76 41 26 73 50 71 44 64 9 72 37 32
