79 8
7 19 23 30 37 43 46 64
28 7 79 53 40 47 5 25 20 69 70 8 18 67 17 44 73 50 78 12 77 32 1 36 27 74 66 43 45 31 72 75 55 11 76 13 26 63 15 9 24 60 33 29 57 41 59 6 56 35 37 64 4 71 14 21 2 65 54 39 48 52 58 49 38 19 51 62 68 16 34 30 22 46 42 10 23 61 3
67 19 13 36 59 38 69 50 18 34 79 27 6 57 63 15 2 7 42 64 55 9 65 66 8 58 32 73 24 48 51 35 11 75 20 72 29 26 10 53 76 71 45 25 52 22 49 21 14 3 1 4 44 28 70 31 54 40 60 46 37 5 43 62 16 56 77 74 33 41 78 68 39 30 23 17 12 47 61
20 57 43 17 12 76 62 78 23 33 44 3 9 29 36 51 32 59 79 25 58 61 15 48 21 4 52 65 31 16 64 53 71 47 55 41 39 75 34 38 54 10 63 67 22 14 27 26 8 69 24 28 77 13 2 56 40 30 18 46 74 72 5 7 19 49 42 6 50 60 66 11 73 68 35 1 45 70 37
69 55 30 6 60 10 44 47 32 7 8 29 2 67 15 5 48 68 51 39 41 59 50 9 18 53 77 49 75 63 26 24 13 14 22 46 27 65 57 56 16 34 33 40 28 20 12 64 62 38 72 31 54 23 52 79 3 43 42 61 58 45 11 70 73 19 78 17 35 37 25 76 21 71 66 1 36 4 74
43 38 17 24 10 58 9 41 3 52 15 46 31 45 59 70 35 11 47 49 40 22 57 4 16 77 21 36 56 30 33 50 55 28 60 79 20 13 37 23 53 2 62 34 54 29 14 72 1 65 67 51 76 64 32 61 73 75 42 7 18 74 68 48 26 6 63 78 8 27 5 71 12 69 66 39 25 19 44
1 68 2 11 28 43 34 39 54 73 23 75 37 55 3 40 17 51 64 76 56 45 42 20 47 10 24 44 33 14 57 58 62 79 27 4 35 32 59 60 26 21 67 36 5 52 77 71 50 66 69 61 31 65 8 38 7 12 74 46 72 18 70 6 22 41 53 49 16 25 9 29 48 30 15 19 63 13 78
41 8 48 23 49 27 53 64 73 44 15 29 20 75 37 61 58 10 56 12 35 25 76 4 52 28 67 6 59 30 46 77 1 70 68 19 36 18 71 63 62 69 34 17 40 66 50 7 60 55 78 33 47 39 14 5 43 3 51 54 57 16 31 11 32 22 9 38 72 24 79 42 74 26 45 2 21 65 13
10 41 62 58 74 9 73 66 63 11 6 75 34 45 35 50 42 15 36 21 33 49 46 77 25 71 23 28 79 43 1 38 59 56 3 72 5 68 57 37 69 2 52 22 47 4 51 29 65 30 64 8 26 32 55 40 39 76 19 13 18 16 27 20 67 14 48 12 17 44 70 78 54 24 61 7 60 31 53
