79 37
1 2 3 4 5 6 7 8 9 10 11 12 13 14 15 16 17 18 19 20 21 22 23 24 25 26 27 28 29 30 31 32 33 34 35 36 37
38 45 67 25 26 39 23 33 49 44 64 68 14 50 13 7 75 63 9 48 73 29 71 59 76 40 11 28 8 6 52 74 47 77 32 54 22 43 55 69 27 51 18 17 16 36 37 41 1 19 53 61 58 20 78 21 42 24 30 62 70 34 10 3 5 46 12 31 60 56 66 35 57 4 65 2 15 79 72
39 41 47 4 66 77 30 16 65 45 3 48 25 32 50 11 44 79 78 18 64 54 55 19 37 72 1 12 46 52 51 53 56 14 63 6 26 75 24 33 36 68 5 61 22 15 74 17 59 69 35 70 67 31 13 62 43 21 42 76 73 20 7 40 58 23 10 8 60 38 27 2 29 9 57 71 34 28 49
40 50 22 9 58 66 73 45 20 43 68 10 16 12 70 25 74 8 6 62 55 33 27 24 11 19 75 17 51 48 37 63 14 31 46 56 71 18 13 2 4 79 34 42 64 3 7 57 28 35 59 69 49 32 52 60 54 78 1 30 53 38 44 29 39 41 47 15 76 72 65 67 26 61 21 36 77 5 23
41 50 48 10 73 1 30 67 71 58 2 8 19 35 75 42 45 72 37 53 46 9 22 24 66 38 47 27 60 20 28 70 44 43 6 4 3 74 21 7 76 69 34 25 68 17 16 40 55 65 29 62 49 52 79 18 14 61 12 32 36 54 77 31 64 23 26 57 11 78 51 39 59 15 13 33 56 5 63
42 56 19 30 9 3 69 23 62 51 18 14 5 72 15 35 26 31 45 28 71 73 60 25 65 1 61 34 77 20 47 33 66 64 49 75 39 78 24 16 11 58 68 12 32 40 67 50 2 41 46 55 27 63 74 21 54 7 8 57 22 79 37 29 36 76 10 59 43 17 38 44 4 53 48 52 6 13 70
43 46 76 48 28 22 6 37 70 7 58 63 1 21 11 71 57 52 75 68 40 77 4 14 67 23 61 26 19 55 30 60 15 3 66 31 9 47 8 49 44 27 16 69 59 79 24 39 29 73 65 50 5 32 13 35 54 36 74 34 45 51 20 10 78 33 25 53 17 38 2 56 41 42 18 64 62 72 12
44 47 13 25 9 71 19 32 18 6 43 51 69 7 72 20 39 1 15 42 64 21 27 66 38 26 11 63 67 36 56 54 41 10 31 58 37 12 22 35 8 76 68 4 46 40 52 14 74 79 23 59 5 30 75 65 49 33 60 2 61 28 78 48 34 70 50 3 45 24 53 29 57 62 17 73 55 77 16
45 51 77 33 4 74 79 59 11 1 49 75 71 64 32 2 25 38 40 30 70 48 47 24 8 35 3 18 58 65 73 60 50 6 52 42 22 27 10 20 17 67 14 63 23 39 54 5 66 19 16 72 57 62 41 31 43 53 34 61 12 37 9 7 13 44 26 69 28 76 36 21 78 46 68 56 55 15 29
46 55 65 29 42 56 59 14 36 50 32 40 11 38 9 62 37 57 71 18 73 23 24 78 28 25 5 31 79 61 54 21 17 16 69 33 48 19 10 49 39 13 52 8 2 26 64 7 76 72 70 53 66 51 77 74 75 4 3 63 15 68 20 35 58 67 47 12 45 43 30 44 22 41 27 60 34 1 6
47 53 32 6 62 8 69 49 65 25 56 59 18 52 24 4 15 71 17 27 13 12 45 35 31 3 74 26 1 41 55 39 64 20 66 63 78 60 43 5 44 51 38 34 72 57 73 36 22 68 33 14 7 54 2 58 40 61 75 42 37 11 19 29 48 67 77 10 16 30 9 23 76 70 50 21 46 79 28
48 50 78 69 62 7 20 25 32 55 24 42 60 63 59 79 43 22 40 27 33 3 65 49 47 46 56 15 36 19 73 70 30 9 75 44 16 53 41 68 5 66 54 6 28 37 17 2 11 18 12 76 10 61 58 34 57 77 72 8 74 52 23 38 1 67 13 26 35 14 45 39 51 29 21 64 71 4 31
49 52 11 71 10 16 47 70 24 37 1 62 19 63 44 14 46 3 53 76 36 29 5 67 33 64 28 77 12 69 59 51 20 60 22 48 13 54 57 58 72 8 35 27 15 41 18 66 55 26 2 30 40 68 34 65 21 78 31 79 75 6 23 74 38 61 39 73 25 4 50 9 45 7 17 43 42 56 32
50 54 62 22 26 29 7 41 23 37 76 73 20 10 77 30 32 17 5 51 58 46 52 55 53 60 3 47 67 16 43 21 34 2 70 72 24 64 33 15 9 63 75 65 6 42 35 11 74 61 79 36 13 28 66 14 31 4 39 57 68 27 8 40 44 49 78 69 59 71 19 18 45 25 12 56 1 48 38
51 56 42 77 54 15 46 38 37 12 20 33 13 26 28 61 76 40 74 8 2 58 49 48 79 67 43 47 55 21 11 73 32 30 19 24 68 71 65 16 17 5 69 52 63 60 70 3 57 18 14 22 72 34 75 59 45 36 25 4 78 35 39 62 44 23 31 41 66 1 64 6 7 27 29 9 53 10 50
52 54 69 34 51 79 3 32 76 14 68 15 42 67 12 50 10 23 21 17 56 35 22 49 6 71 43 24 4 31 40 70 62 46 72 11 74 48 64 73 61 7 44 26 38 66 37 1 5 47 19 16 28 57 55 2 59 78 25 39 36 20 27 30 33 77 18 63 53 65 29 9 8 60 75 45 58 13 41
53 56 58 75 28 9 71 22 76 43 20 69 77 24 37 33 12 46 61 68 54 4 32 25 39 35 52 66 70 38 1 2 42 60 31 15 67 21 30 74 5 55 78 72 23 63 59 47 26 45 44 10 19 3 48 41 29 40 51 18 57 49 65 27 36 16 8 17 11 6 64 73 14 7 62 13 34 50 79
54 55 34 17 28 71 21 60 3 56 31 44 78 74 26 18 32 14 33 42 5 77 53 41 19 2 52 40 47 58 25 59 35 48 57 65 12 24 15 39 63 13 43 61 50 64 69 4 6 37 36 79 70 49 66 51 29 9 72 10 46 8 30 20 76 27 23 62 73 1 67 11 7 22 16 38 75 68 45
55 56 66 64 49 35 22 36 59 63 31 2 54 8 27 62 33 52 25 69 42 19 13 45 38 29 70 24 73 39 10 30 20 15 78 57 71 48 1 3 4 76 7 47 50 9 40 12 58 43 51 65 26 11 37 32 16 44 34 23 61 72 68 46 79 21 53 41 18 28 60 5 77 75 17 6 67 74 14
56 57 52 50 45 34 1 49 23 76 71 33 20 10 18 54 73 68 7 6 53 13 58 14 35 67 40 32 30 51 28 22 29 24 21 69 16 8 31 70 15 74 41 3 55 62 27 38 63 25 9 37 43 59 48 77 72 79 17 39 75 78 47 60 61 5 64 2 46 36 66 4 44 42 19 26 65 11 12
57 56 12 15 19 11 17 14 6 7 9 1 13 10 5 3 16 18 2 4 8 58 32 35 38 29 22 23 47 79 41 71 73 30 69 25 54 68 48 39 78 62 37 28 46 52 20 55 76 31 27 64 72 36 74 70 26 44 53 43 21 67 24 60 40 42 61 33 65 45 75 66 50 59 34 77 49 63 51
58 57 5 15 19 1 16 8 11 14 20 10 3 7 12 4 13 6 17 2 9 18 59 40 32 63 43 68 35 28 64 36 67 42 26 70 62 49 61 23 78 33 65 21 27 75 51 56 55 66 25 48 77 31 54 72 29 38 44 53 74 47 52 22 60 71 24 30 41 79 46 50 73 37 69 34 39 45 76
59 58 15 19 2 5 7 9 16 10 3 13 18 1 12 11 8 17 21 4 14 20 6 60 65 35 62 66 61 27 43 76 28 39 75 79 57 37 71 78 38 52 49 31 22 77 63 25 24 69 29 30 47 40 46 41 42 53 55 56 36 73 44 70 64 74 50 54 67 23 32 34 48 68 72 45 26 33 51
60 59 18 8 16 15 13 14 20 10 17 2 4 21 11 7 12 1 19 3 5 22 6 9 61 47 79 25 64 56 26 65 48 57 69 76 71 51 78 49 27 68 73 29 38 28 63 52 43 66 72 54 34 36 70 23 30 35 74 58 44 42 40 46 24 55 67 37 41 75 32 77 45 62 53 50 39 31 33
61 60 2 12 14 15 20 13 4 6 1 16 21 23 18 7 3 5 8 22 19 11 10 9 17 62 74 50 35 77 59 43 40 48 70 71 41 73 42 49 26 28 76 38 53 51 63 78 31 29 75 44 57 36 32 54 64 46 39 66 72 68 67 55 47 30 24 56 79 34 37 65 52 58 27 69 25 45 33
62 61 9 2 8 4 3 19 17 23 13 6 20 14 7 11 12 15 5 10 21 1 22 24 16 18 63 69 52 71 29 77 33 26 27 51 44 55 53 42 68 35 50 78 65 41 72 45 54 66 58 28 43 36 75 64 79 73 60 39 57 67 32 47 25 74 49 46 48 56 34 31 59 38 37 30 40 70 76
63 62 19 1 5 7 25 18 23 3 20 6 22 10 9 24 8 11 14 12 21 2 13 17 16 4 15 64 66 75 46 77 69 37 30 27 68 53 34 65 70 44 40 67 42 76 55 45 58 29 35 61 31 57 28 47 33 41 50 32 56 59 79 52 72 60 48 36 38 26 49 43 74 51 39 78 54 71 73
64 63 2 11 13 18 20 25 19 4 24 26 17 16 10 7 1 8 22 23 14 12 3 5 21 6 15 9 65 66 77 45 53 60 43 28 44 70 59 51 49 38 31 75 48 68 67 42 32 58 30 61 27 29 57 46 41 74 50 69 40 47 79 78 35 62 76 33 55 72 37 39 36 73 34 54 52 56 71
65 64 8 17 16 23 10 4 14 27 25 20 2 22 13 24 7 3 6 18 12 21 15 11 19 5 1 26 9 66 74 58 57 43 51 38 44 77 36 39 35 78 71 75 79 59 68 41 31 42 32 52 50 34 48 40 49 67 54 45 33 76 37 69 47 53 28 63 72 56 70 60 62 46 30 55 73 29 61
66 65 12 6 16 13 19 25 26 23 2 27 21 11 28 4 1 18 7 22 5 9 20 3 15 24 8 17 10 14 67 31 59 43 33 71 79 42 75 58 30 41 53 55 60 78 35 49 37 32 47 36 48 45 50 29 68 74 63 64 70 39 52 77 72 46 40 38 61 62 44 73 57 54 56 76 34 51 69
67 66 17 24 14 19 8 16 2 3 11 6 4 1 7 5 22 12 20 29 23 9 13 28 26 10 21 25 27 18 15 68 38 46 39 32 73 69 60 35 59 62 34 75 48 50 56 72 49 54 70 36 43 77 53 71 65 76 42 40 33 74 44 45 31 55 63 47 78 41 52 51 58 37 30 64 57 79 61
68 67 21 19 16 18 6 9 14 24 11 20 1 30 7 8 10 29 12 26 13 4 2 27 22 5 25 3 15 17 23 28 69 45 71 76 66 58 63 41 61 49 47 77 44 42 39 60 74 72 73 62 70 65 78 50 56 51 55 53 34 31 37 48 54 43 32 36 38 57 46 75 59 33 40 79 64 52 35
69 68 17 15 27 16 6 1 2 18 21 31 14 10 19 12 11 4 9 23 8 28 24 30 5 7 3 22 25 20 13 29 26 70 45 60 76 37 33 41 53 39 58 36 75 67 43 46 72 59 66 77 62 49 71 35 48 51 74 40 55 61 57 79 42 50 63 32 78 64 65 38 52 56 34 54 44 47 73
70 69 9 24 15 20 1 11 30 13 19 23 21 16 8 27 25 5 31 18 10 7 4 12 26 28 29 14 32 22 2 17 6 3 71 46 54 57 76 51 67 37 44 59 41 66 36 65 73 79 58 45 56 64 34 47 42 75 43 40 72 78 49 68 61 35 52 39 60 48 77 55 33 53 38 74 63 50 62
71 70 7 13 8 25 27 12 15 5 22 28 19 23 33 4 18 29 10 20 6 24 31 16 32 2 1 3 17 14 11 26 30 9 21 72 62 74 56 54 46 77 37 52 53 44 48 61 66 35 36 39 58 43 78 76 79 68 42 38 50 64 47 40 75 45 57 51 73 65 69 55 63 60 34 49 59 41 67
72 71 33 8 16 2 28 27 10 6 29 23 26 31 22 5 4 21 30 34 7 18 3 24 20 32 1 13 15 14 11 9 25 19 12 17 73 75 66 52 79 53 54 47 41 69 45 55 39 38 56 49 35 60 46 43 67 51 36 40 68 61 62 76 70 65 78 59 74 42 58 37 48 44 77 63 50 57 64
73 72 34 35 11 25 9 27 33 3 29 31 8 7 4 19 26 20 12 13 14 18 6 32 15 21 1 10 2 5 28 22 16 30 24 23 17 74 45 65 58 44 47 75 40 60 76 49 71 42 69 63 68 61 36 66 59 46 64 48 41 56 67 53 37 54 79 57 51 70 52 62 39 55 78 50 77 43 38
74 73 24 30 27 4 22 8 36 15 1 13 18 31 33 37 10 23 7 17 34 5 35 26 29 16 9 25 28 11 21 3 14 6 19 12 2 20 32 75 71 61 46 38 79 48 52 45 69 53 60 54 41 50 78 51 67 76 44 56 66 63 49 55 59 43 77 62 42 39 47 72 70 57 40 64 65 58 68
