79 39
1 2 3 4 5 6 7 8 9 10 11 12 13 14 15 16 17 18 19 20 21 22 23 24 25 26 27 28 29 30 31 32 33 34 35 36 37 38 39
1 2 39 4 73 6 5 79 9 10 64 12 13 62 15 16 17 18 51 20 21 22 49 24 25 26 46 28 29 30 31 32 34 33 35 50 37 68 72 40 41 42 43 61 45 27 47 48 23 36 19 52 53 54 55 67 71 58 59 60 44 14 63 11 65 66 7 38 69 70 57 3 74 56 75 76 77 78 8
1 2 39 4 73 6 5 79 9 10 64 12 13 62 15 16 17 18 51 20 21 22 49 24 25 26 46 28 29 30 31 32 34 33 35 50 37 68 72 40 41 42 43 61 45 27 47 48 23 36 19 52 53 54 55 67 71 58 59 60 44 14 63 11 65 66 7 38 69 70 57 3 74 56 75 76 77 78 8
1 2 39 4 73 6 5 79 9 10 64 12 13 62 15 16 17 18 51 20 21 22 49 24 25 26 46 28 29 30 31 32 34 33 35 50 37 68 72 40 41 42 43 61 45 27 47 48 23 36 19 52 53 54 55 67 71 58 59 60 44 14 63 11 65 66 7 38 69 70 57 3 74 56 75 76 77 78 8
49 2 3 4 64 6 7 9 20 10 11 68 13 14 15 16 17 18 24 30 38 22 23 19 25 26 27 28 45 8 63 32 12 34 35 73 37 21 39 40 55 31 74 67 29 46 47 48 36 50 51 52 53 54 41 56 57 58 59 60 61 62 42 33 65 44 66 5 69 70 71 72 1 43 75 76 77 78 79
49 2 3 4 64 6 7 9 20 10 11 68 13 14 15 16 17 18 24 30 38 22 23 19 25 26 27 28 45 8 63 32 12 34 35 73 37 21 39 40 55 31 74 67 29 46 47 48 36 50 51 52 53 54 41 56 57 58 59 60 61 62 42 33 65 44 66 5 69 70 71 72 1 43 75 76 77 78 79
49 2 3 4 64 6 7 9 20 10 11 68 13 14 15 16 17 18 24 30 38 22 23 19 25 26 27 28 45 8 63 32 12 34 35 73 37 21 39 40 55 31 74 67 29 46 47 48 36 50 51 52 53 54 41 56 57 58 59 60 61 62 42 33 65 44 66 5 69 70 71 72 1 43 75 76 77 78 79
49 2 3 4 64 6 7 9 20 10 11 68 13 14 15 16 17 18 24 30 38 22 23 19 25 26 27 28 45 8 63 32 12 34 35 73 37 21 39 40 55 31 74 67 29 46 47 48 36 50 51 52 53 54 41 56 57 58 59 60 61 62 42 33 65 44 66 5 69 70 71 72 1 43 75 76 77 78 79
49 2 3 4 64 6 7 9 20 10 11 68 13 14 15 16 17 18 24 30 38 22 23 19 25 26 27 28 45 8 63 32 12 34 35 73 37 21 39 40 55 31 74 67 29 46 47 48 36 50 51 52 53 54 41 56 57 58 59 60 61 62 42 33 65 44 66 5 69 70 71 72 1 43 75 76 77 78 79
49 2 3 4 64 6 7 9 20 10 11 68 13 14 15 16 17 18 24 30 38 22 23 19 25 26 27 28 45 8 63 32 12 34 35 73 37 21 39 40 55 31 74 67 29 46 47 48 36 50 51 52 53 54 41 56 57 58 59 60 61 62 42 33 65 44 66 5 69 70 71 72 1 43 75 76 77 78 79
49 2 3 4 64 6 7 9 20 10 11 68 13 14 15 16 17 18 24 30 38 22 23 19 25 26 27 28 45 8 63 32 12 34 35 73 37 21 39 40 55 31 74 67 29 46 47 48 36 50 51 52 53 54 41 56 57 58 59 60 61 62 42 33 65 44 66 5 69 70 71 72 1 43 75 76 77 78 79
49 2 3 4 64 6 7 9 20 10 11 68 13 14 15 16 17 18 24 30 38 22 23 19 25 26 27 28 45 8 63 32 12 34 35 73 37 21 39 40 55 31 74 67 29 46 47 48 36 50 51 52 53 54 41 56 57 58 59 60 61 62 42 33 65 44 66 5 69 70 71 72 1 43 75 76 77 78 79
49 2 3 4 64 6 7 9 20 10 11 68 13 14 15 16 17 18 24 30 38 22 23 19 25 26 27 28 45 8 63 32 12 34 35 73 37 21 39 40 55 31 74 67 29 46 47 48 36 50 51 52 53 54 41 56 57 58 59 60 61 62 42 33 65 44 66 5 69 70 71 72 1 43 75 76 77 78 79
49 2 3 4 64 6 7 9 20 10 11 68 13 14 15 16 17 18 24 30 38 22 23 19 25 26 27 28 45 8 63 32 12 34 35 73 37 21 39 40 55 31 74 67 29 46 47 48 36 50 51 52 53 54 41 56 57 58 59 60 61 62 42 33 65 44 66 5 69 70 71 72 1 43 75 76 77 78 79
49 2 3 4 64 6 7 9 20 10 11 68 13 14 15 16 17 18 24 30 38 22 23 19 25 26 27 28 45 8 63 32 12 34 35 73 37 21 39 40 55 31 74 67 29 46 47 48 36 50 51 52 53 54 41 56 57 58 59 60 61 62 42 33 65 44 66 5 69 70 71 72 1 43 75 76 77 78 79
49 2 3 4 64 6 7 9 20 10 11 68 13 14 15 16 17 18 24 30 38 22 23 19 25 26 27 28 45 8 63 32 12 34 35 73 37 21 39 40 55 31 74 67 29 46 47 48 36 50 51 52 53 54 41 56 57 58 59 60 61 62 42 33 65 44 66 5 69 70 71 72 1 43 75 76 77 78 79
49 2 3 4 64 6 7 9 20 10 11 68 13 14 15 16 17 18 24 30 38 22 23 19 25 26 27 28 45 8 63 32 12 34 35 73 37 21 39 40 55 31 74 67 29 46 47 48 36 50 51 52 53 54 41 56 57 58 59 60 61 62 42 33 65 44 66 5 69 70 71 72 1 43 75 76 77 78 79
49 2 3 4 64 6 7 9 20 10 11 68 13 14 15 16 17 18 24 30 38 22 23 19 25 26 27 28 45 8 63 32 12 34 35 73 37 21 39 40 55 31 74 67 29 46 47 48 36 50 51 52 53 54 41 56 57 58 59 60 61 62 42 33 65 44 66 5 69 70 71 72 1 43 75 76 77 78 79
23 8 3 4 53 6 7 64 54 10 19 31 13 41 15 16 42 18 11 20 21 22 56 24 25 26 27 28 50 30 12 32 33 34 77 36 37 38 39 78 48 17 43 61 45 46 47 14 49 29 51 52 2 9 55 1 5 58 69 60 62 44 63 57 65 66 67 68 59 70 71 72 73 74 75 76 35 40 79
23 8 3 4 53 6 7 64 54 10 19 31 13 41 15 16 42 18 11 20 21 22 56 24 25 26 27 28 50 30 12 32 33 34 77 36 37 38 39 78 48 17 43 61 45 46 47 14 49 29 51 52 2 9 55 1 5 58 69 60 62 44 63 57 65 66 67 68 59 70 71 72 73 74 75 76 35 40 79
23 8 3 4 53 6 7 64 54 10 19 31 13 41 15 16 42 18 11 20 21 22 56 24 25 26 27 28 50 30 12 32 33 34 77 36 37 38 39 78 48 17 43 61 45 46 47 14 49 29 51 52 2 9 55 1 5 58 69 60 62 44 63 57 65 66 67 68 59 70 71 72 73 74 75 76 35 40 79
23 8 3 4 53 6 7 64 54 10 19 31 13 41 15 16 42 18 11 20 21 22 56 24 25 26 27 28 50 30 12 32 33 34 77 36 37 38 39 78 48 17 43 61 45 46 47 14 49 29 51 52 2 9 55 1 5 58 69 60 62 44 63 57 65 66 67 68 59 70 71 72 73 74 75 76 35 40 79
23 8 3 4 53 6 7 64 54 10 19 31 13 41 15 16 42 18 11 20 21 22 56 24 25 26 27 28 50 30 12 32 33 34 77 36 37 38 39 78 48 17 43 61 45 46 47 14 49 29 51 52 2 9 55 1 5 58 69 60 62 44 63 57 65 66 67 68 59 70 71 72 73 74 75 76 35 40 79
23 8 3 4 53 6 7 64 54 10 19 31 13 41 15 16 42 18 11 20 21 22 56 24 25 26 27 28 50 30 12 32 33 34 77 36 37 38 39 78 48 17 43 61 45 46 47 14 49 29 51 52 2 9 55 1 5 58 69 60 62 44 63 57 65 66 67 68 59 70 71 72 73 74 75 76 35 40 79
23 8 3 4 53 6 7 64 54 10 19 31 13 41 15 16 42 18 11 20 21 22 56 24 25 26 27 28 50 30 12 32 33 34 77 36 37 38 39 78 48 17 43 61 45 46 47 14 49 29 51 52 2 9 55 1 5 58 69 60 62 44 63 57 65 66 67 68 59 70 71 72 73 74 75 76 35 40 79
23 8 3 4 53 6 7 64 54 10 19 31 13 41 15 16 42 18 11 20 21 22 56 24 25 26 27 28 50 30 12 32 33 34 77 36 37 38 39 78 48 17 43 61 45 46 47 14 49 29 51 52 2 9 55 1 5 58 69 60 62 44 63 57 65 66 67 68 59 70 71 72 73 74 75 76 35 40 79
23 8 3 4 53 6 7 64 54 10 19 31 13 41 15 16 42 18 11 20 21 22 56 24 25 26 27 28 50 30 12 32 33 34 77 36 37 38 39 78 48 17 43 61 45 46 47 14 49 29 51 52 2 9 55 1 5 58 69 60 62 44 63 57 65 66 67 68 59 70 71 72 73 74 75 76 35 40 79
23 8 3 4 53 6 7 64 54 10 19 31 13 41 15 16 42 18 11 20 21 22 56 24 25 26 27 28 50 30 12 32 33 34 77 36 37 38 39 78 48 17 43 61 45 46 47 14 49 29 51 52 2 9 55 1 5 58 69 60 62 44 63 57 65 66 67 68 59 70 71 72 73 74 75 76 35 40 79
23 8 3 4 53 6 7 64 54 10 19 31 13 41 15 16 42 18 11 20 21 22 56 24 25 26 27 28 50 30 12 32 33 34 77 36 37 38 39 78 48 17 43 61 45 46 47 14 49 29 51 52 2 9 55 1 5 58 69 60 62 44 63 57 65 66 67 68 59 70 71 72 73 74 75 76 35 40 79
23 8 3 4 53 6 7 64 54 10 19 31 13 41 15 16 42 18 11 20 21 22 56 24 25 26 27 28 50 30 12 32 33 34 77 36 37 38 39 78 48 17 43 61 45 46 47 14 49 29 51 52 2 9 55 1 5 58 69 60 62 44 63 57 65 66 67 68 59 70 71 72 73 74 75 76 35 40 79
23 8 3 4 53 6 7 64 54 10 19 31 13 41 15 16 42 18 11 20 21 22 56 24 25 26 27 28 50 30 12 32 33 34 77 36 37 38 39 78 48 17 43 61 45 46 47 14 49 29 51 52 2 9 55 1 5 58 69 60 62 44 63 57 65 66 67 68 59 70 71 72 73 74 75 76 35 40 79
23 8 3 4 53 6 7 64 54 10 19 31 13 41 15 16 42 18 11 20 21 22 56 24 25 26 27 28 50 30 12 32 33 34 77 36 37 38 39 78 48 17 43 61 45 46 47 14 49 29 51 52 2 9 55 1 5 58 69 60 62 44 63 57 65 66 67 68 59 70 71 72 73 74 75 76 35 40 79
23 8 3 4 53 6 7 64 54 10 19 31 13 41 15 16 42 18 11 20 21 22 56 24 25 26 27 28 50 30 12 32 33 34 77 36 37 38 39 78 48 17 43 61 45 46 47 14 49 29 51 52 2 9 55 1 5 58 69 60 62 44 63 57 65 66 67 68 59 70 71 72 73 74 75 76 35 40 79
23 8 3 4 53 6 7 64 54 10 19 31 13 41 15 16 42 18 11 20 21 22 56 24 25 26 27 28 50 30 12 32 33 34 77 36 37 38 39 78 48 17 43 61 45 46 47 14 49 29 51 52 2 9 55 1 5 58 69 60 62 44 63 57 65 66 67 68 59 70 71 72 73 74 75 76 35 40 79
23 8 3 4 53 6 7 64 54 10 19 31 13 41 15 16 42 18 11 20 21 22 56 24 25 26 27 28 50 30 12 32 33 34 77 36 37 38 39 78 48 17 43 61 45 46 47 14 49 29 51 52 2 9 55 1 5 58 69 60 62 44 63 57 65 66 67 68 59 70 71 72 73 74 75 76 35 40 79
23 8 3 4 53 6 7 64 54 10 19 31 13 41 15 16 42 18 11 20 21 22 56 24 25 26 27 28 50 30 12 32 33 34 77 36 37 38 39 78 48 17 43 61 45 46 47 14 49 29 51 52 2 9 55 1 5 58 69 60 62 44 63 57 65 66 67 68 59 70 71 72 73 74 75 76 35 40 79
23 8 3 4 53 6 7 64 54 10 19 31 13 41 15 16 42 18 11 20 21 22 56 24 25 26 27 28 50 30 12 32 33 34 77 36 37 38 39 78 48 17 43 61 45 46 47 14 49 29 51 52 2 9 55 1 5 58 69 60 62 44 63 57 65 66 67 68 59 70 71 72 73 74 75 76 35 40 79
23 8 3 4 53 6 7 64 54 10 19 31 13 41 15 16 42 18 11 20 21 22 56 24 25 26 27 28 50 30 12 32 33 34 77 36 37 38 39 78 48 17 43 61 45 46 47 14 49 29 51 52 2 9 55 1 5 58 69 60 62 44 63 57 65 66 67 68 59 70 71 72 73 74 75 76 35 40 79
23 8 3 4 53 6 7 64 54 10 19 31 13 41 15 16 42 18 11 20 21 22 56 24 25 26 27 28 50 30 12 32 33 34 77 36 37 38 39 78 48 17 43 61 45 46 47 14 49 29 51 52 2 9 55 1 5 58 69 60 62 44 63 57 65 66 67 68 59 70 71 72 73 74 75 76 35 40 79
23 8 3 4 53 6 7 64 54 10 19 31 13 41 15 16 42 18 11 20 21 22 56 24 25 26 27 28 50 30 12 32 33 34 77 36 37 38 39 78 48 17 43 61 45 46 47 14 49 29 51 52 2 9 55 1 5 58 69 60 62 44 63 57 65 66 67 68 59 70 71 72 73 74 75 76 35 40 79
