204 101
1 2 3 4 5 6 7 8 9 10 11 12 13 14 15 16 17 18 19 20 21 22 23 24 25 26 27 28 29 30 31 32 33 34 35 36 37 38 39 40 41 42 43 44 45 46 47 48 49 50 51 52 53 54 55 56 57 58 59 60 61 62 63 64 65 66 67 68 69 70 71 72 73 74 75 76 77 78 79 80 81 82 83 84 85 86 87 88 89 90 91 92 93 94 95 96 97 98 99 100 101
4 69 151 191 18 183 149 60 70 192 154 8 97 130 171 173 9 50 140 22 32 65 72 52 66 62 25 116 14 74 44 55 172 102 199 47 68 186 158 164 28 195 109 75 59 178 138 115 131 56 105 85 163 101 36 196 160 169 13 174 31 129 81 16 51 49 64 175 177 159 121 152 37 135 88 168 187 90 127 113 184 114 157 197 41 144 201 193 136 133 161 122 26 11 165 202 34 108 38 40 61 78 181 87 3 100 204 46 7 167 35 6 92 162 137 203 58 148 110 10 104 99 126 145 166 139 57 190 33 43 106 182 95 20 103 82 54 42 125 180 147 27 141 185 107 128 23 123 89 80 86 15 2 200 156 53 73 112 83 77 150 155 117 12 39 194 30 179 98 96 132 119 63 118 189 84 76 71 120 91 111 124 170 29 146 67 153 24 17 19 79 48 93 142 5 94 21 176 143 134 188 1 198 45
100 204 35 87 196 60 162 201 195 189 25 19 63 193 164 101 84 194 202 77 133 7 67 129 148 138 13 51 38 167 182 37 106 80 174 12 141 150 131 152 190 126 76 180 99 9 176 102 52 44 130 10 24 22 64 142 43 27 145 93 54 110 34 198 74 17 47 79 61 155 49 114 139 154 192 78 90 8 69 108 143 184 36 109 187 156 157 166 115 178 144 104 136 127 183 117 18 39 73 46 169 58 82 95 31 14 177 137 81 122 33 75 71 172 170 197 85 132 4 32 59 91 29 168 86 111 125 28 55 134 123 128 94 113 191 179 200 159 188 41 203 160 48 40 66 199 6 53 103 173 23 16 68 147 2 124 3 120 15 149 56 96 50 11 70 146 151 105 186 135 171 116 175 163 97 165 20 161 107 83 112 153 158 92 89 181 30 121 119 5 62 57 26 45 65 140 88 98 185 118 1 72 42 21
196 168 137 29 108 162 96 157 153 89 3 42 98 70 71 66 160 167 88 51 100 171 102 17 139 180 164 23 92 20 145 126 12 64 105 4 38 186 24 121 154 41 30 7 169 75 36 83 73 201 2 113 106 183 103 15 178 179 81 138 174 112 21 161 31 5 163 76 68 18 128 45 33 204 101 10 152 189 104 1 125 176 78 26 32 8 72 28 195 190 136 194 192 181 185 193 148 150 155 175 43 55 61 197 127 11 47 119 69 117 156 46 111 99 85 165 80 200 93 6 97 44 67 39 118 34 77 135 35 82 173 63 149 124 87 40 159 141 202 48 140 143 79 90 188 107 109 132 27 172 120 53 147 131 84 57 52 19 170 49 74 182 146 25 62 91 50 142 65 177 203 114 134 122 37 22 94 158 144 54 56 59 133 58 187 191 86 13 166 184 198 14 16 110 115 60 116 95 9 130 129 199 123 151
71 140 172 4 55 155 51 14 11 112 192 125 97 194 153 20 201 52 50 196 162 1 49 10 27 5 32 25 146 24 186 81 69 95 134 2 141 185 152 105 63 91 126 143 107 54 160 151 204 139 12 166 34 72 157 161 120 115 177 7 122 36 144 33 30 87 15 40 84 111 181 96 174 31 16 61 101 200 123 57 75 129 28 45 202 149 23 180 58 170 183 127 103 159 88 121 35 118 168 66 26 148 73 187 47 158 68 76 22 43 86 189 37 9 130 77 119 74 178 65 100 53 169 197 79 138 18 38 142 135 56 137 6 99 19 163 3 147 21 92 94 110 150 41 156 98 8 113 114 184 48 39 62 164 171 85 67 193 44 13 80 83 154 133 173 167 70 90 198 182 106 78 145 60 132 82 108 179 102 117 59 190 165 64 195 136 124 191 89 203 29 199 109 175 188 46 176 128 104 17 42 131 116 93
120 94 49 119 191 110 102 178 47 154 123 17 1 151 182 114 52 171 162 139 96 129 194 195 170 67 5 190 15 113 66 131 144 57 133 76 183 152 169 3 13 121 62 179 33 125 130 101 31 124 174 85 115 90 59 165 36 111 143 63 199 140 157 177 149 200 147 204 60 95 137 116 80 29 187 106 175 166 164 2 69 100 92 198 42 89 148 72 86 70 64 27 197 173 19 83 71 168 22 93 26 7 82 112 104 35 186 39 6 12 153 38 176 87 9 141 196 203 68 24 8 160 65 181 150 74 4 78 88 34 50 126 20 46 146 56 40 122 184 103 159 163 48 25 132 158 11 109 107 99 53 73 28 23 189 41 127 44 138 128 202 108 167 37 185 61 155 45 54 136 84 192 145 16 75 58 98 135 97 10 180 105 77 142 161 156 79 43 117 21 193 81 14 55 91 18 134 188 201 118 172 51 32 30
73 81 15 62 118 165 189 35 5 120 187 125 108 16 50 103 86 144 43 191 52 136 140 98 30 105 38 65 51 180 49 156 168 60 76 77 109 175 186 89 174 119 158 42 63 83 184 17 84 116 12 139 100 57 176 122 20 34 93 104 85 88 194 147 27 121 72 172 54 66 185 159 95 64 90 114 25 29 198 179 23 154 19 28 26 141 110 112 131 9 40 11 161 2 47 143 68 55 145 167 142 171 87 178 101 46 133 53 67 203 173 149 124 153 61 182 80 102 6 32 4 71 41 138 155 70 204 151 188 202 137 75 36 78 48 31 128 164 193 162 22 24 91 82 45 152 39 150 169 96 148 7 181 56 115 74 3 59 44 177 1 195 8 160 199 111 79 94 99 69 127 192 146 97 18 14 33 10 132 170 107 21 183 13 200 196 58 201 197 37 92 129 126 166 106 163 113 190 123 130 134 117 157 135
31 3 87 145 21 115 204 23 155 201 167 35 121 120 20 141 140 171 28 138 149 153 160 48 29 85 56 37 6 151 183 170 182 57 77 185 30 113 102 15 162 154 184 42 108 191 144 110 173 158 66 55 69 25 8 65 188 109 11 107 186 106 139 53 93 174 24 71 177 88 4 27 152 168 172 128 39 18 46 112 134 104 17 33 72 135 74 129 97 196 190 49 198 157 176 122 111 67 98 126 200 54 9 132 178 197 193 7 101 192 136 125 95 73 118 2 161 156 119 94 194 146 100 147 202 175 12 133 13 181 187 59 90 169 40 45 62 16 117 44 38 96 68 89 52 164 150 116 50 195 83 199 91 159 165 63 103 130 78 58 99 86 148 26 14 189 43 76 19 81 84 22 75 61 64 143 114 36 124 180 163 142 70 92 32 127 131 34 51 5 123 80 10 203 82 179 137 166 60 79 1 47 105 41
161 202 204 171 95 199 22 203 30 81 165 63 68 10 196 125 181 136 132 146 48 99 198 32 189 3 163 13 159 128 35 135 7 11 6 180 8 114 56 143 173 106 131 16 164 117 177 39 91 124 111 76 185 130 140 5 26 174 139 109 20 69 42 55 195 201 87 172 122 115 17 61 86 98 200 120 166 67 72 186 70 29 31 66 38 88 47 28 162 4 93 145 94 175 19 137 50 187 71 148 23 65 21 100 133 97 53 160 169 51 147 183 78 157 27 192 141 41 134 49 92 116 62 126 151 127 75 178 74 54 33 79 73 197 142 154 168 121 25 102 153 123 82 12 188 90 176 119 108 77 184 96 190 194 193 104 144 58 85 129 9 107 89 113 152 14 59 101 57 83 46 64 34 15 138 179 191 156 40 103 158 44 170 118 24 105 43 60 149 110 52 1 84 182 18 36 37 155 150 2 45 167 80 112
58 105 68 71 172 22 118 187 31 12 165 86 117 146 80 128 48 138 77 8 164 34 202 104 23 198 173 84 137 82 204 131 123 139 144 153 29 14 182 136 59 135 53 107 27 52 113 92 197 6 152 115 148 126 154 201 167 188 162 151 127 134 78 50 203 19 13 103 30 42 192 190 180 63 89 168 200 72 149 20 109 46 61 170 161 189 41 106 88 157 24 111 62 130 17 44 3 143 141 90 25 32 108 110 98 74 36 140 54 195 114 67 191 45 55 174 15 37 69 100 196 47 76 5 116 43 96 132 79 73 94 183 160 178 133 119 38 49 18 129 60 175 150 70 28 1 11 85 125 171 177 39 64 159 145 26 57 120 199 16 7 66 51 99 112 185 4 155 83 158 65 87 91 163 147 121 93 95 193 9 156 75 142 181 2 194 101 81 33 179 169 122 40 10 56 166 186 176 21 184 102 35 124 97
152 4 200 204 102 168 86 127 106 21 8 154 53 45 161 82 126 188 36 67 195 27 34 39 99 63 38 5 51 40 182 151 16 68 105 100 89 48 135 134 43 61 60 64 162 164 155 15 26 172 101 113 23 169 66 75 71 202 148 153 120 54 138 49 74 147 114 199 10 50 28 87 85 91 1 9 116 109 22 180 2 104 76 189 160 69 144 142 117 159 175 107 20 194 103 29 111 65 52 62 166 70 84 171 19 25 141 149 178 72 193 157 41 140 18 165 3 170 79 132 133 158 146 58 80 11 24 6 174 77 44 112 185 197 124 98 33 46 122 156 93 30 139 97 55 94 196 37 173 32 184 118 137 7 110 73 123 145 191 125 35 119 150 83 190 143 92 181 31 163 17 81 198 14 201 90 42 57 136 121 12 203 131 47 187 59 130 115 128 167 88 183 179 129 186 177 96 95 176 13 108 78 192 56
74 38 159 42 157 197 136 49 186 102 72 116 47 62 174 166 112 121 3 63 54 16 100 149 103 87 32 67 118 55 2 34 158 89 129 165 15 30 139 199 5 191 182 125 21 155 202 144 195 22 66 60 93 183 45 14 79 43 142 181 189 151 150 8 203 56 69 28 133 6 17 51 137 7 20 152 204 44 31 92 164 58 132 61 167 190 193 48 76 19 57 33 91 4 97 185 169 95 107 85 53 27 41 156 123 138 40 70 52 13 177 106 36 184 117 109 180 75 29 173 1 59 128 200 179 130 110 24 147 188 104 148 9 35 94 194 143 86 114 88 176 80 140 96 187 178 84 196 71 146 23 65 171 124 161 12 201 135 83 175 90 77 82 39 120 81 50 172 26 126 170 10 78 163 113 105 68 134 162 168 119 122 154 153 99 141 11 98 18 64 198 46 145 73 101 127 160 111 25 115 192 37 108 131
189 95 136 123 152 186 184 92 182 55 142 145 1 165 122 173 141 90 179 8 79 183 2 44 36 188 164 201 109 50 121 126 137 66 20 76 31 49 116 200 16 69 27 106 159 67 52 80 56 30 110 38 193 6 23 115 185 64 132 120 39 45 24 202 129 87 100 125 139 75 124 84 29 35 192 98 198 162 167 37 195 105 190 111 3 12 47 11 196 175 101 53 62 118 181 155 89 91 17 19 71 153 41 135 172 58 197 86 187 77 73 103 157 42 177 72 54 97 63 108 151 149 5 93 194 131 14 158 85 178 156 88 9 61 133 48 144 138 150 166 148 83 96 51 191 33 34 68 7 140 82 4 112 203 102 146 78 170 104 176 10 174 60 59 28 15 161 199 169 43 163 128 107 21 94 26 114 147 127 168 46 134 32 180 70 18 160 57 117 25 171 22 143 113 74 81 154 65 130 119 40 99 13 204
67 133 177 116 8 44 94 136 53 80 137 5 182 54 40 48 18 179 28 10 34 51 96 16 140 84 79 148 125 128 106 122 78 156 89 200 109 43 134 196 126 160 12 143 69 174 102 171 85 173 97 60 77 92 36 151 74 49 70 31 21 185 37 52 24 195 23 191 142 157 184 98 155 76 72 175 111 164 100 198 47 33 6 150 135 119 95 71 99 194 161 108 87 32 105 165 82 68 27 20 29 56 38 166 19 35 26 73 121 145 168 61 13 123 203 153 152 129 64 15 57 130 167 113 11 138 107 176 25 114 45 112 146 181 141 147 178 124 144 199 110 118 115 59 180 58 127 193 186 17 65 91 197 30 120 1 81 66 163 41 187 139 88 188 202 9 190 192 183 93 14 201 149 162 154 103 101 172 117 170 39 50 204 86 158 22 189 4 169 63 75 7 159 42 90 3 46 55 62 83 132 104 131 2
147 81 89 171 143 112 186 157 101 114 178 107 70 82 88 26 59 52 41 18 87 136 150 138 35 135 105 5 23 47 73 33 128 155 97 25 163 182 142 60 57 162 19 79 37 179 77 204 198 95 3 24 190 160 6 159 9 92 193 32 46 113 173 187 196 99 156 130 49 180 172 192 13 15 22 181 90 202 123 167 117 76 58 176 144 137 62 158 94 200 201 116 63 203 109 122 177 64 83 166 45 51 34 134 183 84 118 148 152 120 14 139 185 127 4 21 189 29 154 174 30 103 12 170 153 133 151 69 146 195 67 53 115 65 104 55 74 66 10 129 1 80 36 119 108 50 132 125 169 11 27 39 44 168 48 72 75 71 194 100 161 141 131 78 149 110 56 8 61 86 85 106 184 98 102 140 199 96 126 17 164 28 197 43 38 111 42 20 54 7 31 124 175 2 165 93 40 91 191 188 121 145 68 16
111 1 30 200 189 6 86 17 52 144 103 173 60 88 65 135 29 156 28 79 174 94 203 177 35 102 4 93 100 58 133 193 11 140 27 9 175 157 164 124 22 55 13 154 176 119 63 49 120 169 194 33 134 137 10 26 170 92 143 171 84 115 168 113 167 204 130 191 59 41 131 182 148 114 96 56 110 5 7 184 123 158 8 112 95 18 45 108 12 81 152 161 155 19 145 136 201 78 162 76 105 54 67 186 117 83 122 42 47 153 25 185 73 77 106 61 129 183 195 146 21 71 101 82 128 159 43 104 187 202 46 141 16 139 180 69 150 190 23 118 32 64 138 166 192 53 34 80 142 2 172 179 89 74 151 91 50 132 125 51 160 44 107 66 57 39 40 20 31 178 87 163 90 75 38 188 116 147 197 37 3 48 126 196 97 98 24 72 181 121 68 99 199 127 85 109 70 14 198 149 165 62 15 36
65 26 14 164 160 81 169 185 197 69 158 108 143 170 175 2 39 37 32 119 151 57 99 123 12 55 182 24 180 134 177 3 110 150 155 195 84 30 203 10 152 174 104 96 25 72 78 87 31 46 133 142 15 74 199 131 138 139 47 35 52 159 107 61 141 111 190 21 64 6 89 63 83 90 41 192 62 126 34 181 56 124 187 100 8 93 102 194 128 132 168 120 7 66 165 38 113 173 51 189 49 76 22 79 172 149 43 202 153 54 4 148 200 106 166 183 59 105 201 196 45 92 130 176 16 73 11 36 147 115 156 60 109 191 103 98 162 121 33 9 136 28 82 50 27 137 117 17 19 116 178 145 5 80 204 101 135 167 157 29 188 144 193 18 86 146 23 53 58 71 48 88 127 154 179 184 40 198 97 13 1 129 118 68 70 91 94 161 85 42 67 20 125 112 186 171 77 163 75 95 114 44 140 122
36 171 146 30 66 31 196 178 19 68 201 50 24 33 83 187 199 97 168 64 120 4 143 95 190 158 198 11 47 38 179 32 7 188 155 127 200 116 3 17 180 96 176 9 44 76 140 184 126 108 130 65 142 139 147 81 100 34 186 71 75 13 74 161 121 106 159 193 5 57 151 90 115 133 23 175 124 111 86 149 27 138 110 45 182 132 39 58 62 183 112 192 46 141 28 14 189 67 73 170 107 123 194 82 1 145 25 167 43 35 94 2 88 160 72 40 117 105 98 12 91 56 16 102 60 135 61 48 10 51 52 173 119 85 26 63 150 22 54 181 144 163 172 99 101 18 42 84 153 128 8 136 6 21 164 174 129 20 114 203 202 125 103 79 37 55 166 49 134 169 77 89 109 185 41 197 93 113 191 78 122 87 80 157 59 204 177 69 15 53 131 29 195 92 118 137 70 154 156 104 162 148 165 152
85 140 155 151 5 144 129 107 150 170 60 50 26 64 90 44 149 147 1 2 9 82 157 193 131 19 62 122 202 139 36 159 115 118 128 66 52 194 79 103 24 70 99 148 190 54 191 106 48 51 165 167 95 6 203 137 105 110 27 39 174 135 146 68 94 34 97 91 31 132 35 121 158 142 88 57 185 22 58 20 119 89 109 18 184 59 55 117 87 46 78 173 69 124 15 30 74 153 189 28 16 198 199 63 100 162 38 86 67 197 163 12 29 101 71 96 116 134 56 145 33 47 136 75 81 187 192 43 120 41 113 42 92 180 93 83 175 133 21 178 49 102 123 11 186 98 8 171 126 53 14 156 114 182 73 181 17 13 32 164 76 183 127 188 201 80 84 72 138 112 179 61 65 154 196 200 195 108 10 4 141 7 77 130 152 25 168 104 125 45 37 177 111 169 172 3 23 40 204 143 166 160 161 176
84 65 5 87 111 171 93 132 146 204 26 165 71 202 116 17 24 34 124 27 95 148 46 184 137 100 88 109 79 42 175 43 108 149 4 139 44 91 181 41 133 67 82 16 10 134 39 23 136 35 75 32 9 127 203 28 167 56 7 150 168 166 186 179 53 112 135 54 191 119 20 102 153 22 92 155 117 38 195 70 11 103 69 158 162 80 101 52 154 58 183 201 85 173 174 151 152 49 121 115 57 199 187 122 169 172 120 3 8 14 1 147 123 77 81 74 72 31 128 63 37 105 98 156 90 200 73 89 68 113 13 60 178 48 30 6 182 86 142 59 51 50 160 83 61 193 138 129 196 198 55 176 126 106 36 189 15 144 114 192 131 125 45 33 96 76 188 130 21 64 110 104 159 185 18 197 164 97 78 40 66 157 140 177 19 190 141 47 29 170 145 180 118 143 161 2 94 99 194 163 12 107 25 62
29 155 99 133 44 142 34 84 157 64 140 92 55 156 172 12 117 178 35 39 38 15 112 59 199 191 188 49 120 14 79 128 96 119 23 63 50 85 197 169 201 114 52 108 149 13 27 194 189 40 42 11 58 51 152 91 86 67 160 19 77 166 95 62 36 66 164 180 129 126 70 187 167 181 81 121 33 54 168 75 68 6 184 195 73 102 192 37 2 115 83 88 162 132 78 204 53 87 141 165 5 148 57 123 32 202 170 93 200 18 153 82 122 186 138 134 193 10 182 150 56 26 89 163 103 179 101 196 105 145 48 118 24 158 174 175 154 124 173 109 72 135 107 104 71 65 131 45 1 69 137 183 171 47 21 190 31 143 22 43 203 17 177 125 98 198 94 76 136 110 80 106 46 159 4 41 116 139 16 3 8 30 61 28 161 147 20 9 74 185 60 151 144 146 7 100 90 130 176 113 25 111 127 97
148 169 101 97 28 75 38 20 39 82 15 1 204 27 191 183 4 194 40 193 31 44 192 190 45 138 158 128 177 140 200 70 129 79 85 81 165 133 100 152 58 119 127 59 77 57 116 13 53 107 6 50 49 203 91 151 176 18 12 187 145 55 162 201 146 93 76 131 195 7 132 106 72 182 139 24 137 2 125 99 174 166 113 35 111 66 172 29 87 73 110 188 90 130 105 121 164 102 181 150 198 16 34 168 61 124 51 65 19 30 143 78 22 67 14 117 68 60 86 11 52 171 104 149 157 56 147 173 175 154 10 115 98 142 180 96 64 89 161 163 95 179 141 136 3 69 74 62 71 21 8 63 122 109 88 41 25 134 48 43 184 170 80 5 123 155 159 33 84 42 36 54 178 189 9 112 202 17 26 118 32 186 83 144 103 160 37 197 108 126 114 92 153 94 46 47 185 199 167 156 196 135 120 23
182 12 170 199 82 43 159 143 87 72 14 141 18 137 135 42 38 194 53 67 176 64 197 108 1 31 100 86 20 47 129 146 183 89 178 165 94 54 21 130 76 106 39 2 46 78 110 13 198 187 117 190 81 164 15 121 125 196 93 7 65 111 49 203 85 200 157 23 186 172 150 179 132 17 97 50 114 151 45 134 115 41 10 174 161 160 91 139 113 109 25 62 9 189 193 155 73 48 140 104 195 102 26 105 167 35 37 188 8 185 77 126 70 148 19 96 152 27 30 80 71 181 56 154 128 61 123 175 99 88 66 166 59 98 103 68 40 3 107 6 202 75 101 57 55 22 192 149 116 112 60 51 120 28 124 171 177 5 142 158 33 90 168 147 79 204 191 118 122 184 52 119 24 127 144 138 95 84 32 180 83 69 34 133 162 92 131 201 29 153 58 145 156 173 63 4 36 136 44 163 74 11 16 169
171 137 164 46 156 21 86 62 116 81 38 189 200 6 127 122 161 167 147 173 158 134 93 94 114 4 84 154 37 144 18 178 118 146 148 119 51 95 40 7 43 128 129 113 31 139 48 77 100 123 96 150 44 111 192 169 59 132 120 88 68 197 145 49 35 184 117 90 12 125 34 25 83 92 149 141 63 131 162 196 99 166 97 45 54 80 172 98 50 143 185 14 136 191 65 124 11 105 26 56 53 47 201 61 75 8 23 42 73 160 112 199 5 32 60 159 174 106 58 175 72 69 157 64 182 101 71 19 1 39 130 138 103 87 204 102 126 168 153 188 110 3 55 91 78 57 28 67 121 104 165 30 194 203 24 176 155 115 17 2 16 151 142 74 193 140 177 33 187 79 29 195 109 198 22 9 41 82 152 135 70 66 107 180 89 202 36 163 108 27 170 76 13 15 179 133 85 190 10 181 52 183 186 20
50 173 192 166 134 102 123 104 118 182 80 87 117 159 28 58 109 139 115 170 21 136 59 40 149 18 62 13 24 23 93 143 39 196 130 161 7 179 35 127 32 112 84 203 91 54 145 202 41 85 47 181 126 63 69 165 27 138 95 122 154 20 172 15 79 49 140 67 151 133 204 156 188 53 153 174 101 200 177 187 11 99 197 16 168 113 178 43 5 176 33 146 29 119 94 57 73 107 193 71 144 3 147 162 116 64 4 66 90 17 121 72 97 125 38 195 137 167 86 92 83 180 114 164 37 183 55 56 19 171 77 135 22 124 68 51 106 88 194 132 98 76 25 131 105 31 155 61 142 2 14 44 45 70 26 12 108 103 157 185 46 52 9 30 82 110 152 65 175 191 201 36 190 189 186 60 34 120 78 158 184 150 160 163 89 128 129 48 96 169 8 141 100 148 81 199 74 198 111 1 6 75 42 10
176 134 123 4 141 52 110 143 26 165 70 41 59 74 43 79 154 122 25 14 126 161 78 107 77 36 147 202 191 89 155 27 65 158 31 129 195 148 151 181 87 159 34 184 186 194 132 23 116 48 86 133 117 192 17 197 101 21 2 18 198 80 124 38 100 105 200 113 94 50 29 111 203 75 90 97 140 152 76 183 10 190 178 72 174 62 128 88 82 119 55 22 153 127 146 193 39 109 172 99 3 125 13 96 91 28 61 167 8 71 179 137 63 171 58 112 139 149 19 104 57 37 187 35 7 142 106 102 98 11 32 83 196 9 15 166 54 138 130 66 114 189 44 150 12 73 53 118 56 180 51 33 157 68 49 92 1 201 47 168 93 204 16 46 185 164 6 30 169 103 136 188 145 84 60 173 42 45 177 85 95 40 135 162 199 64 24 120 163 115 5 160 131 108 81 67 156 175 69 144 182 170 121 20
29 68 22 128 136 94 41 177 95 92 26 161 145 88 183 152 49 82 96 80 54 64 86 188 126 137 113 77 156 140 42 89 60 10 58 146 138 204 70 97 87 151 6 143 66 155 179 15 34 9 13 181 67 133 74 166 189 43 91 4 147 17 185 40 107 203 160 169 16 7 51 178 81 192 115 72 186 164 125 33 105 195 139 122 100 170 38 31 184 56 102 103 194 119 193 79 19 57 18 180 1 48 110 45 150 99 83 35 172 109 131 187 117 23 32 163 55 158 63 106 36 144 73 165 76 101 20 21 39 154 196 134 116 111 98 175 201 132 123 75 8 5 112 171 28 121 120 148 14 159 71 124 200 30 191 104 53 127 90 52 118 168 47 24 197 69 93 84 46 162 65 176 62 149 3 141 198 59 12 142 167 78 157 11 130 153 135 173 182 190 44 2 37 129 27 108 202 199 85 114 174 25 61 50
154 24 143 33 58 37 92 39 186 22 138 190 117 52 184 130 81 162 142 192 166 200 106 78 110 180 150 49 170 2 165 61 56 118 3 72 195 31 132 169 167 74 196 155 32 99 25 185 47 21 68 23 50 84 202 97 148 101 12 194 19 18 75 82 28 41 100 73 4 90 159 34 20 46 146 114 198 204 43 127 171 109 173 112 42 6 149 144 29 44 116 199 203 62 38 88 124 157 70 111 181 80 121 36 64 129 201 94 156 16 153 113 102 176 9 10 108 115 15 158 35 168 152 161 191 79 141 134 87 54 66 107 60 91 119 182 183 164 71 26 147 137 14 7 69 125 30 126 120 140 8 77 27 59 123 131 5 57 178 86 65 40 128 122 95 53 189 96 160 172 177 1 188 48 85 139 197 187 104 133 175 93 174 17 63 179 135 103 163 136 145 13 55 89 76 98 51 83 151 67 45 193 11 105
135 154 96 111 137 35 10 119 64 175 89 165 125 50 190 25 52 157 139 136 58 171 108 24 62 204 179 187 131 167 118 181 22 162 23 56 105 184 69 126 132 41 193 147 6 51 37 120 163 142 192 112 45 81 191 189 170 166 144 198 76 7 159 143 9 34 149 130 44 1 2 63 65 128 168 40 36 8 95 18 196 153 16 49 115 92 200 169 53 172 46 60 148 39 48 31 90 83 21 201 182 99 54 151 194 140 29 133 4 150 70 134 116 127 11 124 26 174 20 113 43 203 164 73 107 82 57 186 79 114 155 17 123 13 117 197 38 28 122 32 109 30 177 103 93 180 72 102 199 158 87 161 97 176 61 59 88 42 160 3 100 71 121 146 27 80 98 74 195 145 202 188 12 138 141 68 77 66 106 19 129 185 178 156 85 110 183 55 47 101 75 94 5 91 15 78 173 67 104 84 14 33 152 86
197 53 136 94 27 37 183 120 186 122 196 61 90 191 80 34 135 60 84 172 43 106 178 151 155 115 148 69 92 192 7 8 26 55 153 3 47 51 58 188 162 161 32 77 23 170 28 38 117 142 100 108 105 59 1 12 11 35 24 17 50 167 82 127 137 179 78 4 174 173 110 198 93 70 158 42 71 119 138 177 149 131 86 16 180 114 189 203 48 39 187 154 193 199 40 97 126 99 68 76 146 9 96 44 2 182 87 5 52 57 132 200 175 168 147 139 72 15 95 31 18 201 21 54 113 83 102 25 20 33 19 49 160 169 73 65 41 118 156 45 176 185 30 157 194 130 22 10 81 85 123 125 109 116 134 101 133 75 140 152 74 107 79 46 202 121 181 6 104 159 124 128 67 29 56 164 143 98 163 145 150 91 129 13 195 184 111 89 88 190 63 141 36 103 64 112 204 66 165 144 171 14 166 62
123 75 66 56 52 168 61 102 151 148 189 116 117 99 167 83 101 88 17 21 37 34 185 156 110 98 187 54 70 177 199 22 114 67 184 11 118 141 131 127 188 35 158 48 129 58 186 195 30 174 8 191 15 33 134 28 109 104 194 106 40 82 130 157 85 60 203 92 133 24 73 160 2 137 42 180 32 64 173 119 12 171 170 108 80 25 18 138 201 96 43 74 53 62 78 57 51 91 136 146 142 68 126 27 9 103 139 6 155 125 122 59 165 107 163 94 14 178 159 13 132 175 181 144 202 65 121 76 38 63 77 23 44 31 81 140 153 200 10 55 128 29 190 204 120 183 135 87 97 149 115 112 90 86 89 71 39 45 95 69 161 72 36 26 143 4 105 84 93 41 152 50 197 46 154 1 49 198 176 196 3 147 111 179 16 192 5 193 7 20 124 145 79 182 172 162 113 19 169 100 166 150 164 47
17 116 204 179 21 153 54 14 202 118 82 37 122 195 180 97 117 121 51 148 136 13 39 34 158 176 171 66 65 47 112 52 120 186 83 79 57 8 137 53 3 174 170 182 155 168 166 1 100 191 20 98 185 56 177 124 16 42 88 80 115 29 62 86 132 36 103 114 181 73 48 126 78 106 165 35 129 72 55 10 45 99 87 167 134 108 162 59 92 169 109 119 95 101 172 60 203 93 75 111 140 27 198 18 160 68 22 146 105 11 151 40 4 199 50 46 6 201 104 89 70 154 96 71 81 196 159 23 149 9 194 58 188 7 163 187 127 5 41 161 76 107 77 84 61 144 28 173 139 135 2 133 200 192 190 125 63 19 131 184 138 130 150 164 102 91 123 15 30 147 183 142 26 33 94 193 64 90 31 24 141 178 12 197 38 74 44 49 110 189 25 85 128 156 67 32 175 143 69 145 157 43 113 152
64 75 37 50 103 114 167 27 140 7 136 40 6 39 82 18 185 131 174 12 9 162 84 119 94 56 113 15 153 148 150 105 90 99 33 172 30 175 51 54 188 42 192 165 11 143 144 89 52 70 38 142 80 159 45 133 63 78 85 146 152 17 98 139 34 164 123 184 195 55 202 155 57 23 49 170 77 20 28 102 166 36 121 161 176 26 111 74 59 168 173 124 163 157 106 203 10 160 29 179 181 5 81 194 65 31 32 79 198 83 147 48 47 108 158 46 204 107 104 145 13 154 14 110 199 177 128 112 76 117 2 86 3 129 25 169 130 24 87 72 156 92 183 151 138 66 141 190 69 88 196 67 1 116 91 95 127 8 197 16 180 68 201 61 122 71 97 120 171 21 187 58 73 93 109 115 182 186 43 126 22 191 35 96 101 137 189 135 19 118 178 62 41 132 200 134 193 149 4 53 60 100 125 44
190 172 95 86 40 101 121 186 131 38 107 30 137 128 153 50 17 24 84 102 23 35 19 129 72 20 83 189 187 193 79 151 3 42 149 203 143 13 33 171 65 133 87 37 177 94 150 12 55 162 92 204 89 71 97 90 109 122 68 144 98 69 194 26 135 39 11 10 113 6 170 96 196 76 31 14 88 155 103 41 80 166 154 62 161 108 1 22 99 125 46 78 106 184 104 116 160 36 191 195 182 148 145 183 158 43 124 188 132 111 156 34 134 61 130 112 56 180 163 73 201 21 146 179 28 54 126 4 58 93 114 75 110 44 165 200 168 140 82 53 185 77 48 136 139 52 67 2 119 25 167 57 59 100 118 5 60 29 164 15 142 123 64 198 175 18 7 74 70 127 27 81 178 197 141 91 176 147 199 159 47 49 8 138 45 117 63 9 157 152 51 192 202 169 115 16 66 181 174 105 32 173 120 85
47 120 172 35 90 87 71 38 161 12 169 75 196 86 113 131 7 164 135 70 20 133 29 180 105 101 97 34 59 64 30 174 57 88 175 22 50 16 99 152 123 199 126 48 53 65 110 83 168 115 151 139 149 150 56 58 146 10 147 4 98 14 46 41 9 111 157 127 193 204 25 191 160 200 26 148 179 132 158 190 137 15 91 130 43 93 129 94 44 145 19 192 124 154 144 121 141 108 79 165 27 122 183 142 77 100 45 181 155 1 13 78 66 51 37 6 128 116 40 104 80 178 194 138 74 156 119 61 109 49 134 188 67 176 186 3 5 72 63 162 203 170 167 89 8 153 28 201 36 31 140 117 73 33 143 184 54 76 68 55 39 136 21 32 103 173 198 52 96 112 114 92 197 185 69 118 177 60 85 82 189 81 187 23 11 2 195 17 182 159 202 18 107 102 106 163 171 166 84 95 125 62 24 42
101 146 136 117 102 156 195 154 176 61 185 54 135 82 112 76 168 91 60 85 106 105 126 67 84 124 87 78 69 163 174 141 44 109 1 70 89 47 188 153 20 7 162 103 149 196 56 122 116 138 92 191 88 13 39 192 198 184 18 202 66 29 97 41 171 32 31 120 3 137 4 65 19 53 175 22 164 79 16 166 100 42 160 59 134 123 86 167 107 45 52 90 169 180 129 93 121 33 145 38 118 159 28 182 158 81 11 9 119 127 179 96 147 150 23 51 194 10 50 204 27 140 26 130 142 58 114 108 189 203 8 80 40 200 170 75 83 161 94 74 57 186 49 125 193 143 98 63 15 36 151 152 12 6 64 183 148 14 113 73 71 128 177 155 144 37 110 5 24 30 43 21 181 72 157 62 111 172 139 131 165 173 77 48 115 25 201 2 197 17 68 55 95 99 35 133 199 190 34 187 132 46 104 178
83 46 69 43 15 185 65 202 32 132 80 125 77 133 64 104 57 171 42 13 102 115 136 200 22 160 99 19 25 60 137 178 197 14 138 174 105 4 81 88 194 114 169 91 98 86 166 126 79 58 101 167 151 184 82 111 62 110 121 63 143 176 76 52 152 173 9 34 181 130 49 165 97 38 122 10 89 67 179 37 48 187 24 26 7 75 148 47 61 74 161 127 180 5 21 35 183 190 112 119 94 90 123 70 78 107 20 66 3 106 17 39 175 164 146 59 55 198 31 189 84 11 103 108 120 195 144 109 134 45 1 159 186 117 116 118 100 36 140 12 33 96 18 156 145 73 44 30 51 72 29 131 172 191 129 147 53 92 85 192 168 135 149 2 41 139 170 154 158 50 6 142 28 56 155 163 193 16 8 204 157 199 182 128 124 203 40 113 27 196 23 188 177 54 162 153 95 201 87 141 93 71 68 150
147 158 126 171 91 143 95 161 56 107 72 9 165 157 57 117 159 85 120 71 70 96 83 51 114 69 197 46 113 66 193 180 177 59 48 1 166 50 179 7 55 200 181 132 128 169 154 98 196 53 13 8 12 112 203 183 134 75 202 11 105 6 178 199 60 136 17 78 162 190 137 168 160 36 65 145 49 43 175 29 67 130 124 41 174 163 102 131 204 14 63 2 191 54 74 33 106 122 38 139 92 34 125 25 31 138 108 32 44 10 58 144 94 188 127 81 15 73 195 186 167 82 140 87 187 194 198 121 189 89 182 76 5 47 22 39 184 40 129 68 90 3 20 86 30 45 27 16 192 151 152 104 97 37 24 176 170 52 173 84 142 119 155 123 80 164 61 201 19 93 172 116 99 110 4 185 35 141 111 42 21 64 109 26 100 103 88 156 101 28 18 148 118 115 135 77 146 133 62 149 150 79 153 23
55 172 117 3 32 118 39 150 16 158 187 144 42 191 72 57 71 164 56 183 162 31 149 106 26 29 141 199 101 159 139 61 103 76 173 184 33 168 89 169 44 17 175 21 38 4 131 48 203 129 19 98 112 1 11 35 5 194 198 53 179 186 201 153 37 120 137 59 13 58 30 167 121 145 95 146 142 41 23 193 28 189 82 36 134 174 176 132 94 109 204 64 74 178 200 182 155 140 128 2 50 45 108 192 152 114 10 83 99 65 66 196 25 79 84 104 6 143 43 20 154 122 12 92 166 113 73 190 156 34 47 40 111 197 148 135 188 165 62 75 90 24 138 18 147 96 78 170 7 70 69 151 68 100 202 107 81 60 110 124 52 136 67 87 15 171 163 77 157 54 51 160 80 126 8 9 88 91 102 133 22 125 130 14 93 97 180 46 119 86 127 181 185 49 105 85 63 161 177 123 27 195 116 115
149 18 81 199 44 64 136 89 204 27 164 165 4 146 84 180 125 151 110 195 184 37 72 74 111 94 90 48 159 187 93 16 126 147 118 22 121 50 78 201 52 144 68 69 23 75 185 137 57 116 179 124 127 193 38 157 30 107 80 56 178 61 70 128 176 145 1 39 25 108 6 53 33 183 106 3 140 138 131 104 73 88 153 122 182 26 9 175 186 31 45 77 192 65 166 100 203 29 197 196 161 129 202 79 17 14 91 66 177 102 85 163 62 34 71 96 76 154 103 12 143 135 92 8 130 167 82 150 47 11 169 54 114 194 42 156 15 5 123 109 32 168 28 7 20 181 115 152 132 190 170 40 83 97 188 174 171 105 173 120 10 55 43 134 67 101 198 189 24 98 49 112 86 191 148 59 58 60 95 2 63 41 155 139 51 142 87 19 119 133 35 200 99 113 160 13 117 158 162 46 141 21 36 172
193 161 60 3 17 202 74 132 46 78 160 188 138 121 53 122 143 35 148 130 72 37 56 86 166 159 135 47 129 151 126 79 115 182 203 77 137 98 153 42 92 140 165 133 75 109 82 50 103 65 2 139 57 63 134 189 183 11 142 152 96 117 8 180 10 1 80 125 40 118 113 156 200 27 94 120 147 155 176 21 158 89 58 28 43 204 85 179 70 167 81 195 12 6 112 181 55 32 198 41 154 91 184 39 171 149 107 45 23 163 7 150 192 99 5 186 123 69 59 88 104 108 84 110 101 136 131 175 29 76 64 34 14 111 54 68 83 9 15 44 52 33 201 38 178 25 128 22 16 93 100 145 31 97 102 197 71 177 146 24 95 174 187 162 164 13 87 116 172 105 169 124 173 19 62 194 157 114 51 73 127 141 18 4 49 61 144 185 196 119 67 190 66 36 48 199 26 30 20 168 106 170 191 90
95 143 70 204 52 132 109 88 65 64 121 16 193 203 161 98 199 160 23 133 162 105 9 45 5 200 151 22 156 153 198 85 130 58 24 74 38 32 135 19 97 73 36 34 99 40 126 116 117 122 48 33 104 138 125 102 29 43 103 82 42 188 120 75 191 71 159 92 171 119 13 167 8 187 189 53 4 155 49 96 170 46 129 113 62 114 79 149 107 35 18 84 90 54 115 89 148 182 139 17 190 93 77 72 177 37 202 25 142 141 180 81 124 63 76 12 6 195 166 163 100 30 152 31 78 20 175 26 91 165 128 106 60 10 57 80 28 39 158 185 169 197 44 1 154 178 179 147 27 21 110 56 134 146 172 7 176 87 123 101 186 68 111 150 14 164 174 173 145 131 69 59 51 61 192 127 86 11 108 196 201 140 47 50 183 194 157 118 184 137 2 94 67 66 181 41 144 83 15 168 3 136 112 55
12 24 141 51 52 128 204 136 111 72 189 23 180 120 149 126 163 112 138 82 67 154 164 110 86 193 18 66 3 200 1 185 191 145 144 104 181 202 5 79 146 49 94 97 91 19 43 160 30 162 13 190 31 201 139 42 135 183 157 71 115 137 16 38 15 96 54 192 114 176 55 100 20 194 46 143 175 29 69 132 10 108 81 28 59 36 113 37 155 57 11 92 121 14 75 153 172 17 166 125 88 116 93 33 118 41 65 22 87 195 177 27 35 74 188 203 61 199 78 76 196 21 117 63 56 178 133 53 109 131 142 48 124 140 25 169 6 156 95 158 64 98 34 90 39 184 179 60 167 4 147 50 77 198 152 85 129 9 68 44 161 80 127 151 123 102 187 197 84 105 134 45 122 47 130 8 165 103 89 26 182 174 150 2 7 58 168 173 148 32 40 62 70 83 73 101 170 159 99 106 107 186 119 171
63 125 70 64 102 183 114 142 86 3 174 202 121 118 62 78 81 7 30 184 100 103 82 59 164 80 143 24 23 175 56 72 197 93 187 91 156 28 132 1 12 22 35 90 14 154 50 88 112 203 19 124 79 2 151 47 165 11 185 173 134 136 52 130 10 97 105 44 148 176 94 166 190 194 141 169 193 96 29 120 37 113 65 147 33 159 131 108 92 71 76 158 144 163 150 199 133 83 135 55 15 171 181 87 13 61 51 66 126 68 137 149 119 18 84 109 117 41 40 32 26 5 140 4 104 188 172 179 85 146 195 139 122 191 69 201 182 20 186 36 8 54 155 25 43 58 178 204 128 73 89 16 192 107 177 99 138 98 180 53 189 45 111 129 200 168 75 48 162 9 38 39 95 101 160 74 127 6 106 153 31 57 161 27 49 196 17 67 123 110 42 152 157 167 116 46 198 115 60 34 145 21 77 170
9 192 74 138 105 103 29 60 196 71 90 88 1 121 92 27 16 115 23 54 46 10 130 144 78 204 75 68 111 125 42 110 5 87 62 26 12 149 147 64 124 34 191 146 167 140 83 47 102 80 150 73 114 128 198 37 202 119 134 175 38 8 66 40 107 65 180 2 99 162 168 89 76 28 190 79 173 131 194 104 39 109 179 77 170 17 158 159 21 157 137 30 48 161 145 163 96 141 94 70 61 160 52 101 58 20 36 164 181 148 156 199 118 100 195 197 91 35 193 11 85 55 120 122 117 151 185 154 41 31 95 186 22 97 3 143 84 132 24 135 82 53 15 106 165 136 32 63 6 59 184 18 200 98 166 187 43 49 123 14 57 177 7 19 72 69 116 56 176 203 13 51 44 4 81 108 189 33 183 133 201 50 93 129 142 86 126 171 67 178 172 25 112 113 188 169 152 174 153 139 182 127 45 155
81 147 115 15 159 199 165 43 49 7 121 68 169 153 42 9 40 102 175 119 182 186 140 94 198 78 136 144 157 197 164 113 30 118 32 8 64 149 103 166 114 184 187 148 46 193 14 18 192 170 146 142 3 48 116 158 19 126 134 93 188 190 95 58 45 83 22 177 61 202 65 87 171 123 28 111 107 173 160 137 85 98 130 74 120 53 67 59 57 79 183 200 151 84 139 90 91 26 29 75 196 41 25 124 80 125 23 11 131 155 97 44 145 5 128 1 143 168 62 4 204 69 180 178 161 194 13 16 36 77 112 132 71 99 108 135 92 20 96 63 24 176 82 54 191 163 122 150 106 88 101 105 52 73 127 117 174 51 172 76 66 181 195 72 167 162 156 70 50 39 89 35 21 104 55 129 27 203 201 109 133 2 60 86 189 100 10 154 138 17 141 12 56 47 152 31 110 38 34 185 37 179 6 33
113 177 196 198 2 109 24 139 168 87 154 28 117 145 126 98 63 128 119 40 93 4 90 147 81 14 151 169 10 173 135 5 181 80 82 61 6 99 159 13 59 165 68 114 143 12 111 45 144 184 8 115 43 34 77 133 197 137 116 110 170 84 118 142 195 203 175 103 64 97 7 65 148 67 53 201 171 41 174 36 105 183 204 134 18 46 20 1 15 54 124 146 56 44 50 155 72 152 140 38 100 129 107 104 19 83 130 202 161 26 180 153 30 167 95 58 162 3 32 176 33 189 21 136 193 85 190 96 92 106 94 185 16 132 51 166 101 88 55 70 131 78 102 31 172 49 42 187 125 48 25 186 57 158 112 160 149 89 138 22 60 178 156 73 66 200 120 29 23 74 157 69 27 52 199 86 47 37 194 179 127 35 17 62 76 75 164 192 108 188 150 182 91 141 121 9 79 11 122 191 39 123 163 71
101 75 107 112 140 116 92 157 54 197 7 17 175 4 49 145 126 135 155 162 47 160 59 97 104 29 51 99 113 84 40 137 106 14 68 65 163 16 194 136 2 27 87 69 73 196 71 133 183 5 203 174 181 90 61 37 120 115 53 76 52 56 143 24 89 67 177 151 119 184 70 182 195 121 78 169 12 193 55 58 60 38 62 96 164 110 180 28 46 142 148 25 186 191 122 201 3 202 103 199 64 77 189 114 139 82 33 172 185 88 31 200 66 159 15 179 165 178 125 154 32 188 72 11 158 81 57 167 44 111 36 168 93 117 156 9 21 41 134 118 127 8 23 131 22 48 30 146 129 13 74 138 108 18 198 63 6 83 170 100 144 176 161 94 171 150 102 141 34 190 50 128 187 153 80 123 42 45 124 91 166 192 147 1 95 130 152 86 79 10 85 39 19 132 173 98 43 149 109 35 26 204 105 20
52 116 72 99 192 38 195 201 202 179 203 41 150 67 68 2 185 124 165 93 7 96 126 12 163 141 25 86 156 54 174 166 48 60 23 101 160 111 71 138 8 181 30 73 87 136 107 183 84 63 95 112 51 44 11 43 139 4 81 106 177 102 180 119 171 39 198 53 200 29 149 88 193 161 199 197 190 172 189 75 42 50 154 135 146 108 140 31 49 56 196 33 100 97 74 168 188 204 70 46 114 82 147 98 77 148 91 47 158 1 162 194 9 13 34 133 157 61 85 27 14 32 103 15 121 155 145 151 128 109 57 83 22 76 28 66 127 129 55 37 40 59 191 26 16 113 173 80 175 132 176 123 58 10 17 182 159 186 142 134 120 78 110 130 36 143 167 90 21 187 94 92 89 5 118 153 115 117 131 164 169 24 79 122 65 69 184 105 104 19 45 62 64 152 137 18 3 144 178 6 125 170 35 20
109 198 47 87 7 180 202 115 146 189 138 175 93 52 61 60 176 161 97 71 187 100 90 145 136 126 35 53 11 17 172 34 38 173 112 95 174 197 157 88 48 33 149 108 84 10 8 67 204 32 191 4 127 147 64 27 162 192 200 143 42 74 36 163 130 19 91 182 76 129 73 3 171 43 45 77 30 6 106 62 66 135 134 105 142 155 113 193 13 167 14 160 148 153 12 144 49 122 195 39 166 119 194 59 79 28 139 183 80 102 16 15 56 22 158 21 96 54 37 170 57 164 107 18 168 151 55 82 26 1 92 117 24 41 85 133 5 51 132 63 156 89 201 98 2 83 114 185 111 20 190 46 123 118 58 94 186 44 86 29 78 50 31 121 137 131 150 40 9 104 165 116 101 124 69 110 65 68 169 75 128 125 70 23 154 99 178 152 140 141 188 184 103 81 177 25 181 203 159 179 199 196 72 120
119 41 60 63 108 148 129 103 127 168 81 52 131 84 109 167 78 146 170 144 104 160 116 80 74 183 24 23 98 117 37 203 30 142 204 199 157 187 58 171 143 71 175 40 102 197 8 36 20 185 69 177 150 48 86 11 162 6 66 97 151 82 16 198 193 39 56 192 101 141 130 21 46 200 126 15 159 43 128 115 118 166 174 92 149 112 161 34 138 145 4 29 83 57 85 26 114 79 9 99 179 3 122 2 133 165 191 137 72 32 5 93 17 194 55 18 158 67 44 76 152 121 33 28 120 180 35 14 73 182 53 10 163 184 88 139 153 61 49 70 100 96 107 50 156 172 106 42 186 65 27 132 173 189 22 105 47 64 62 59 113 124 190 164 147 38 155 169 202 94 13 201 45 7 110 12 196 188 31 90 1 135 111 25 89 51 54 140 154 134 95 77 181 125 176 123 19 87 195 136 75 178 68 91
88 71 7 52 26 91 189 19 69 128 63 198 114 23 190 151 109 112 141 175 180 136 192 195 80 99 73 185 202 161 90 67 3 57 107 14 163 131 111 147 184 166 32 29 56 27 139 127 83 123 85 113 138 81 179 122 204 187 12 54 121 10 62 36 197 148 65 77 170 75 72 45 17 78 74 146 5 49 35 33 37 11 201 125 108 87 124 173 95 106 160 110 158 43 162 182 165 186 118 46 38 98 156 152 25 30 59 76 200 133 47 55 140 6 61 194 68 178 97 153 157 181 8 164 142 154 50 149 103 31 21 89 94 199 92 145 120 86 176 34 70 82 48 20 135 117 183 41 79 39 196 137 44 134 150 144 126 53 119 2 24 96 116 104 193 174 171 115 177 18 42 64 143 40 159 66 15 51 13 168 84 4 22 191 1 102 188 16 169 155 129 58 167 105 9 93 203 130 28 60 101 100 172 132
113 92 34 49 202 46 37 48 160 186 173 63 102 86 47 6 21 190 11 53 28 76 193 143 161 89 198 179 174 45 112 194 139 110 199 180 146 184 117 41 71 120 65 32 36 90 145 4 154 122 2 61 168 20 18 54 125 182 191 142 114 56 204 27 147 23 96 38 150 136 10 39 172 62 101 140 128 106 181 115 132 166 9 15 83 109 85 87 97 189 121 98 70 177 127 14 164 149 124 77 72 133 103 153 157 162 29 165 26 35 68 130 82 100 5 73 31 33 22 44 169 55 17 94 187 78 155 141 163 171 12 84 59 7 69 119 95 8 126 25 158 40 200 196 178 91 176 13 131 80 64 203 99 118 1 52 151 79 129 66 105 188 104 138 137 107 167 19 144 116 50 197 183 93 156 123 148 159 67 134 135 43 42 192 24 51 3 81 195 108 201 60 16 57 30 111 152 185 88 175 74 58 75 170
31 119 48 107 5 26 113 149 134 8 32 194 138 69 136 71 196 67 161 34 94 86 62 128 35 45 84 159 83 184 98 112 3 181 155 198 133 68 140 167 50 49 58 132 12 90 204 143 21 178 29 139 103 117 203 105 172 89 182 40 52 36 11 144 197 148 151 175 44 179 6 1 137 73 78 88 16 157 102 118 91 192 124 72 177 66 135 129 165 51 147 183 202 193 55 14 176 61 18 104 195 169 82 189 59 150 142 24 173 95 187 85 153 152 122 191 20 46 70 39 110 101 100 30 127 9 28 106 13 130 93 79 200 87 74 120 171 174 27 54 10 141 77 162 65 63 2 96 99 38 121 154 188 53 186 42 114 22 80 201 168 17 160 19 97 81 146 47 76 109 7 37 166 111 43 185 164 123 145 126 115 33 23 125 4 75 64 60 199 41 56 190 163 131 57 170 158 25 92 156 108 116 180 15
78 63 59 34 185 67 145 73 52 122 87 105 26 50 38 33 48 196 177 65 184 40 194 54 98 164 201 181 25 109 124 158 90 128 160 94 108 45 149 148 144 131 142 14 127 150 183 198 68 36 85 179 42 121 126 117 44 114 74 32 57 3 7 5 147 69 102 60 13 99 49 191 96 137 111 70 134 76 10 187 170 77 176 156 56 146 95 140 162 2 27 8 159 129 103 163 61 115 51 138 153 62 30 200 46 168 89 58 66 133 186 71 72 172 120 81 22 97 9 28 110 91 31 192 18 166 17 37 135 199 204 53 143 178 79 157 6 116 29 20 130 106 21 23 152 24 151 112 15 86 41 167 119 180 113 189 154 136 19 88 1 190 43 16 132 165 4 12 173 197 182 75 161 92 35 123 139 169 101 47 203 118 195 64 84 39 100 174 104 193 202 107 171 11 55 141 125 155 83 82 93 175 80 188
34 13 161 78 123 69 192 20 37 136 56 55 89 36 72 156 109 44 120 85 165 23 183 28 141 39 125 19 61 204 7 158 96 110 45 17 163 24 171 187 90 67 1 103 105 32 117 4 184 176 126 86 114 150 132 185 142 51 157 35 92 9 182 18 14 155 140 145 149 8 112 162 193 168 63 50 177 130 97 49 47 79 160 43 167 76 191 40 82 41 147 42 26 190 25 101 151 31 57 53 194 174 186 98 30 66 202 143 200 188 201 104 170 54 108 100 119 83 124 189 106 133 95 197 88 94 29 137 59 169 84 80 127 153 64 203 154 146 152 93 131 38 91 33 68 3 48 148 11 113 71 74 172 75 62 199 58 2 164 159 144 129 15 181 102 107 166 52 27 65 122 16 111 10 121 134 87 128 178 60 99 12 135 196 138 195 198 118 175 139 5 180 116 21 22 173 81 46 73 77 179 70 115 6
78 59 17 147 67 120 137 29 110 188 61 181 58 116 130 94 22 124 8 86 26 63 189 98 167 25 13 157 57 161 20 194 47 79 34 149 177 6 133 131 84 145 33 101 144 142 184 199 196 162 176 103 204 35 95 45 50 18 37 87 99 93 71 41 73 135 83 102 175 172 115 158 179 140 51 1 27 191 76 154 24 56 2 28 109 152 187 178 91 3 105 143 114 166 82 136 74 31 38 113 174 72 96 128 108 62 4 69 168 32 14 30 132 11 75 43 117 65 122 111 170 121 138 169 40 148 16 186 106 180 182 66 12 164 203 9 193 163 134 153 112 55 48 139 49 201 88 46 202 125 52 19 92 80 100 156 197 44 70 141 159 90 97 85 150 195 119 171 21 127 192 10 155 173 126 42 107 15 183 89 7 151 5 64 77 123 81 198 190 53 36 185 54 165 160 118 129 39 200 104 60 23 146 68
59 178 139 32 81 148 21 155 96 20 34 45 201 106 115 87 191 102 129 159 174 15 120 126 185 63 165 40 157 46 73 107 27 68 25 168 128 198 62 24 28 124 8 127 172 167 67 7 48 196 195 110 41 134 93 65 97 169 89 19 161 177 114 83 112 51 144 37 85 80 173 30 138 202 64 153 133 121 150 100 170 136 50 58 71 75 162 78 74 36 2 95 109 125 33 119 70 163 56 42 44 113 88 140 5 14 166 184 116 43 192 176 197 17 160 190 204 152 194 175 18 47 180 69 31 49 137 53 6 60 186 79 90 76 108 99 84 22 151 203 11 132 103 61 4 200 187 147 86 39 131 122 123 29 91 149 72 1 188 98 12 171 52 55 10 117 77 94 135 101 105 164 158 66 179 26 182 189 13 199 111 156 154 9 57 54 183 145 141 23 3 38 92 130 16 142 104 35 118 143 82 181 193 146
32 110 41 79 81 159 182 109 197 93 67 124 121 105 179 65 37 59 177 113 55 165 87 80 187 13 119 199 157 183 146 193 46 137 156 36 188 151 52 104 170 117 204 10 97 201 21 70 200 178 141 100 166 95 142 69 167 73 191 168 54 33 6 98 74 136 163 120 89 118 35 196 131 68 40 161 130 116 140 154 14 30 45 71 61 18 29 48 94 99 78 174 128 171 164 1 19 51 9 8 28 60 25 102 106 176 83 90 152 144 22 86 103 5 173 149 134 107 77 64 4 72 49 11 139 145 192 39 133 158 169 184 3 160 162 127 186 203 82 66 76 34 123 43 198 7 91 88 62 17 190 101 129 84 132 96 42 2 111 58 23 181 108 194 195 125 155 56 57 147 202 153 189 75 53 126 38 114 27 180 185 148 92 26 31 44 138 24 112 16 115 172 20 50 12 85 143 122 47 15 150 135 175 63
39 56 83 160 108 139 196 198 96 148 147 195 5 129 114 191 182 137 71 170 92 3 133 72 162 84 135 180 91 11 18 175 121 82 140 7 60 62 151 127 97 116 2 169 144 33 146 130 51 30 173 1 190 99 16 106 81 174 118 157 42 68 34 141 152 66 117 138 43 53 142 48 98 59 181 107 37 192 183 136 164 110 46 24 177 74 77 22 123 12 163 27 187 93 201 58 149 54 73 159 124 112 87 75 115 70 23 67 57 101 9 199 102 184 171 47 132 8 161 61 64 166 25 86 44 125 178 4 126 188 167 134 94 200 49 76 179 172 202 189 185 52 156 153 143 158 40 154 32 65 31 10 85 95 120 194 20 193 197 100 104 119 41 50 113 69 105 168 6 21 79 15 80 155 103 90 150 13 29 111 78 45 122 165 19 186 145 203 36 17 176 35 55 109 89 28 128 88 26 204 63 38 14 131
35 33 160 17 158 81 132 113 93 182 92 124 26 19 135 199 28 58 121 169 108 201 71 88 9 142 185 181 167 83 91 63 44 191 202 99 123 156 193 45 122 37 48 161 109 195 79 129 46 150 38 3 12 117 128 73 171 47 30 144 176 34 69 77 111 157 174 197 163 36 145 85 82 143 1 27 140 66 20 32 190 188 186 65 189 166 153 56 14 51 102 198 24 87 25 4 187 155 104 154 133 106 137 125 7 162 194 54 90 21 112 177 42 136 200 110 40 52 172 196 10 168 5 76 165 101 15 80 23 103 134 130 68 183 115 96 175 62 192 164 89 64 72 61 59 97 141 203 67 170 49 147 120 119 118 178 107 29 148 6 43 151 75 139 179 131 204 41 70 152 173 11 159 105 114 74 86 127 84 60 39 53 18 138 146 50 149 78 116 100 95 13 98 22 16 2 31 184 126 57 94 8 180 55
30 127 192 176 86 116 82 43 54 194 196 152 78 44 19 64 128 177 147 35 185 15 93 188 71 112 139 73 89 172 151 62 91 135 137 22 115 180 202 58 140 47 106 95 200 17 123 154 99 171 134 18 162 187 136 65 83 121 107 67 66 28 85 109 131 169 184 102 16 186 76 98 182 157 125 84 138 45 57 159 77 68 183 124 111 27 198 52 24 179 141 103 72 26 49 132 161 104 129 130 13 181 148 108 90 9 7 69 41 87 197 8 55 56 25 178 36 6 42 201 150 10 75 37 143 145 31 5 32 80 63 117 119 189 33 167 38 193 94 23 48 88 101 97 1 160 3 105 156 14 158 165 166 175 100 110 144 142 173 59 204 195 39 174 155 126 170 153 34 60 12 40 11 79 203 190 118 168 29 20 149 74 164 92 120 114 51 70 4 113 61 199 191 50 163 81 122 21 2 146 96 133 46 53
151 69 58 174 40 145 187 78 47 115 147 186 139 197 1 35 118 193 175 36 18 143 158 24 60 132 156 182 119 39 19 111 126 95 46 130 13 42 176 83 99 168 63 200 121 87 128 48 7 116 70 183 61 154 152 109 135 2 11 85 178 146 82 81 112 38 172 90 114 162 108 15 4 50 127 43 16 76 57 129 142 54 136 59 170 113 166 86 26 45 20 165 34 189 159 160 31 29 56 88 196 100 3 199 177 10 106 185 107 33 140 105 192 110 169 104 8 98 51 75 73 84 97 12 44 27 96 41 203 188 153 28 17 92 23 25 91 137 184 148 32 14 180 6 202 67 161 80 133 163 52 62 68 79 191 21 123 157 101 71 195 124 150 102 134 30 66 93 5 117 125 144 164 141 37 77 167 74 103 149 181 89 155 120 122 22 204 49 198 201 53 64 173 190 94 65 131 138 171 194 55 179 9 72
2 14 48 145 39 90 157 61 156 42 71 72 126 83 103 148 187 105 188 91 121 70 24 44 21 69 49 135 195 192 74 38 77 181 204 12 191 85 164 10 36 46 111 97 113 1 78 170 68 35 86 93 7 57 185 119 75 184 13 23 8 50 146 3 116 149 106 128 175 64 139 134 174 104 124 6 172 202 118 201 144 96 110 197 122 123 82 200 37 19 190 194 59 28 22 203 81 114 133 67 98 153 34 168 51 199 141 182 16 92 136 129 167 165 31 171 5 130 193 147 18 166 41 115 137 117 162 143 99 56 89 43 169 155 55 47 198 140 142 100 30 20 40 26 4 108 161 52 125 27 62 88 65 160 138 150 58 131 189 186 151 158 159 54 180 178 76 60 179 173 73 101 17 15 53 80 45 120 29 109 94 183 95 154 84 9 79 112 25 163 63 176 66 33 11 132 196 32 152 127 177 107 87 102
187 110 118 69 85 119 197 43 71 179 44 109 58 201 132 189 176 15 158 59 191 146 144 148 177 170 193 53 86 128 38 68 78 175 16 198 134 104 103 1 182 76 48 124 45 113 10 49 145 105 26 57 117 168 37 66 67 122 129 100 33 74 180 28 188 20 143 81 163 157 112 152 95 108 135 173 32 174 196 65 21 12 190 41 133 138 142 192 82 98 90 62 80 70 35 22 165 23 159 186 3 31 46 92 4 160 11 87 140 130 55 151 162 161 93 7 127 2 40 84 91 200 99 39 8 107 102 131 184 51 101 42 167 96 123 172 29 97 183 185 154 77 30 18 9 50 137 6 79 61 178 199 14 149 164 126 34 125 5 75 141 17 47 60 13 89 106 54 166 181 73 136 52 169 147 202 36 139 116 156 25 115 114 88 72 204 194 64 63 27 111 19 24 155 150 153 56 120 203 94 195 121 171 83
26 7 118 59 38 2 72 52 13 158 199 165 160 189 193 74 130 97 164 102 94 177 58 83 140 51 46 22 6 103 146 73 29 113 96 8 82 109 98 132 1 89 126 162 27 50 21 123 100 183 44 156 135 63 56 99 190 93 3 107 40 142 145 167 69 86 172 154 166 182 181 127 133 87 139 37 175 161 119 155 115 15 5 147 180 191 184 138 20 148 39 128 110 32 9 136 101 4 28 174 105 92 42 108 10 195 49 19 43 151 111 24 141 134 149 90 31 192 187 117 168 137 129 201 66 55 150 95 104 11 57 23 76 204 125 77 170 179 194 176 53 188 112 85 152 41 198 75 91 114 45 120 35 186 14 124 36 30 178 121 78 48 68 197 67 62 143 144 81 163 64 79 34 131 17 122 61 70 159 47 65 80 157 88 203 84 116 202 60 173 200 106 153 12 25 196 54 33 169 71 185 16 171 18
169 191 148 56 52 189 25 107 187 89 15 57 93 100 181 58 104 42 121 13 37 45 26 14 128 1 63 149 152 141 140 12 199 131 178 48 22 167 135 6 124 71 66 168 116 190 5 172 92 78 195 118 202 136 74 21 32 79 30 151 176 138 70 164 123 204 29 94 76 87 49 126 179 203 198 197 85 46 98 39 17 150 10 106 115 86 200 155 145 90 142 186 69 91 95 54 154 51 110 125 2 61 163 147 180 183 24 27 196 47 96 68 193 81 9 130 7 88 36 35 173 185 38 129 11 82 174 171 157 83 109 60 134 8 23 19 117 144 50 53 166 139 146 170 97 77 132 3 165 16 75 4 40 20 34 59 153 41 192 84 182 18 161 43 162 160 103 114 105 67 188 175 33 127 119 99 55 201 194 143 111 158 159 108 80 73 44 31 156 184 62 133 102 120 177 112 101 137 113 122 28 72 64 65
133 94 59 149 124 188 135 35 60 128 78 150 19 44 110 71 130 103 23 39 16 191 140 83 99 108 172 158 193 13 47 164 160 157 202 93 120 152 181 46 107 196 32 26 100 180 57 10 204 116 168 6 114 51 30 126 129 141 21 166 96 24 87 85 36 122 121 86 65 182 74 153 84 53 117 200 146 147 161 37 165 198 7 183 45 162 163 79 179 81 90 82 143 54 109 145 97 63 142 119 154 104 192 155 29 67 151 91 132 190 137 148 15 8 115 56 175 62 127 185 42 178 9 170 69 34 28 189 80 27 95 14 64 131 41 55 43 48 61 18 73 174 17 50 66 156 49 167 171 102 195 40 139 3 4 88 123 31 118 1 92 12 113 187 203 144 125 2 106 5 33 72 136 112 75 138 11 134 70 76 173 101 22 184 111 25 89 52 201 105 186 38 77 176 199 159 68 177 98 197 58 169 194 20
116 18 101 126 104 78 142 141 60 197 71 190 117 136 13 145 194 65 154 16 189 152 125 114 200 112 73 122 36 52 23 128 26 158 22 32 178 153 113 8 120 182 34 193 90 45 180 29 28 103 47 149 25 57 11 1 135 64 124 3 138 62 68 201 80 89 105 176 19 58 92 160 150 7 165 51 134 63 102 31 164 119 77 157 39 6 81 129 79 99 87 44 168 191 188 37 5 195 20 204 185 10 46 199 2 162 173 72 183 33 17 147 186 146 84 97 171 151 130 15 127 66 177 184 21 86 48 74 96 14 111 179 137 121 54 187 95 94 118 159 144 75 69 35 61 27 88 132 139 140 93 98 198 59 55 83 70 67 196 108 4 155 131 156 170 38 40 109 115 50 53 203 174 41 76 202 169 85 106 167 49 163 56 42 143 30 100 9 12 181 148 133 192 161 175 107 91 172 166 82 43 110 24 123
28 83 143 74 139 95 40 57 182 56 194 86 118 26 202 79 195 69 144 131 190 98 149 60 169 109 101 77 117 96 67 34 59 20 180 137 52 1 36 80 122 203 123 198 170 130 92 164 189 30 116 58 155 132 31 85 18 199 39 8 124 121 128 158 176 82 178 84 120 151 103 125 25 156 71 146 184 142 192 12 53 200 9 181 81 51 54 108 168 38 201 19 21 191 62 160 138 4 88 145 197 41 100 17 136 112 152 150 42 33 65 193 148 147 163 29 27 159 44 63 99 171 110 13 23 72 177 140 46 167 166 10 35 115 91 97 24 157 76 204 141 161 61 126 105 5 179 174 43 22 162 107 172 3 45 75 32 78 119 47 89 106 111 93 55 196 15 187 113 183 102 6 153 50 129 185 186 37 87 188 165 68 135 114 48 173 14 134 133 7 73 104 70 127 66 16 90 2 94 64 49 154 175 11
141 159 21 170 45 149 111 30 25 12 61 29 94 180 140 58 176 53 148 156 42 110 194 136 34 183 102 56 54 90 52 84 158 145 79 105 117 202 135 133 132 119 23 15 14 3 182 24 126 178 20 197 86 2 175 190 13 65 51 59 11 143 38 63 50 171 199 144 7 99 5 177 163 168 67 64 123 43 153 96 121 154 55 8 32 186 169 106 4 174 127 91 166 26 35 75 41 165 164 37 120 137 104 71 69 201 179 142 74 76 1 184 92 146 9 172 95 109 112 198 124 108 10 173 187 28 19 129 27 57 204 191 101 138 113 77 70 107 152 181 39 89 185 36 160 78 88 115 60 80 139 85 93 114 98 125 134 200 72 130 6 40 87 49 46 193 22 62 195 116 131 48 83 167 97 18 66 82 147 150 47 157 192 122 203 81 189 196 73 118 188 128 44 31 103 100 16 17 151 162 155 33 68 161
167 69 187 79 163 171 6 113 158 188 57 14 160 111 70 153 87 108 177 32 137 105 198 169 145 30 157 204 136 119 140 55 56 86 185 168 66 131 97 176 37 43 197 132 49 148 72 19 27 7 64 193 134 18 11 29 194 149 123 92 44 83 184 147 47 135 106 161 178 96 54 151 34 39 200 99 58 107 122 104 181 155 100 128 162 25 199 85 112 51 91 60 110 62 101 129 195 1 186 103 159 165 16 5 35 73 24 65 164 98 170 12 61 142 156 120 127 126 74 166 154 45 143 180 13 17 38 90 31 82 102 63 67 3 175 9 192 33 124 109 202 190 189 59 150 23 172 40 42 78 94 81 114 68 15 20 133 146 179 144 21 191 26 84 95 118 76 28 125 130 2 75 196 121 52 46 93 138 183 8 141 203 80 174 139 48 117 182 201 88 4 53 116 41 152 50 115 89 77 22 10 36 71 173
119 146 194 130 48 149 124 64 150 45 3 185 100 199 117 158 145 166 12 141 14 67 173 108 161 115 202 5 71 23 137 175 97 135 68 163 110 10 37 151 156 49 102 103 144 136 81 176 114 39 184 36 204 17 178 183 61 171 113 47 34 96 53 27 38 147 13 170 91 94 107 190 109 24 195 93 57 15 139 200 92 90 106 20 193 30 187 2 41 120 168 116 196 112 83 66 29 179 46 111 125 44 192 65 50 21 132 203 174 99 138 77 73 82 74 89 121 167 188 72 31 9 7 70 122 155 28 43 33 104 25 60 16 126 201 101 69 189 164 40 52 6 169 18 128 62 42 8 98 154 197 123 22 76 80 160 85 1 35 182 26 152 131 56 177 54 51 78 58 11 165 88 86 127 63 162 198 181 159 55 105 118 186 32 191 148 157 59 180 75 87 142 134 19 153 95 129 79 4 84 172 133 143 140
64 31 193 128 4 58 101 57 18 66 35 73 109 55 139 77 59 85 166 96 121 111 82 185 137 134 79 148 30 100 194 47 92 163 199 157 48 12 15 124 110 1 167 44 80 102 129 71 43 151 158 90 61 125 28 29 20 127 13 162 179 51 86 108 192 153 144 8 156 62 114 183 26 17 173 135 126 149 60 75 177 164 120 169 83 197 78 11 87 188 123 198 132 195 88 52 171 3 175 34 56 178 150 138 201 37 41 118 33 143 191 170 68 112 39 94 89 14 16 202 176 46 159 42 107 106 99 172 146 104 54 187 184 131 152 186 155 174 119 122 133 140 7 25 65 117 50 63 9 130 165 23 84 72 19 22 203 145 105 141 160 136 21 76 161 189 97 91 93 5 181 53 70 24 154 38 45 27 116 2 204 40 81 147 180 113 168 6 67 69 32 95 142 103 10 196 200 190 74 49 98 36 182 115
41 92 174 107 57 176 128 28 25 140 113 127 145 146 84 12 147 11 63 56 138 38 37 161 48 144 110 21 3 69 16 83 67 148 64 27 149 6 1 19 65 97 4 151 44 101 58 142 54 170 115 26 152 9 186 193 153 5 180 90 51 73 184 8 123 32 201 132 179 71 155 70 129 189 143 82 96 119 168 196 120 167 121 165 130 187 204 150 75 203 122 111 158 89 166 133 81 112 197 141 134 169 131 139 80 118 124 172 198 164 105 72 175 171 156 136 116 185 35 88 53 77 55 10 114 135 74 17 91 34 59 173 93 50 125 39 192 106 66 100 154 103 87 33 47 190 102 191 61 99 86 14 200 162 13 79 194 163 42 23 157 95 202 76 24 45 109 40 182 98 68 137 20 78 31 177 62 2 195 43 7 188 104 160 52 30 22 126 18 117 29 181 108 36 178 85 49 183 199 94 46 60 15 159
130 201 85 162 122 67 204 43 120 118 148 119 83 115 108 22 72 46 39 36 91 138 192 168 40 3 88 48 105 65 128 61 90 149 101 55 47 26 176 80 203 189 77 68 7 161 166 107 99 184 106 96 129 173 8 175 186 81 1 100 6 198 15 102 42 188 178 31 143 27 150 164 194 185 109 112 174 28 114 156 16 167 126 124 79 197 152 29 140 116 163 172 134 103 13 18 97 131 177 191 25 125 95 58 56 121 169 144 127 21 94 82 154 52 62 74 84 75 113 2 10 69 14 171 35 145 111 193 199 160 187 44 151 141 66 32 136 165 51 20 57 64 4 50 70 87 93 17 9 33 23 78 153 53 59 159 181 30 41 133 170 63 24 139 158 123 179 73 132 71 200 34 89 135 195 180 183 92 142 117 98 147 12 196 155 60 37 190 202 104 110 19 137 45 86 54 38 157 182 146 49 5 11 76
12 68 166 62 43 47 28 46 167 11 127 5 204 134 40 73 21 85 135 155 59 195 14 69 113 102 186 39 196 13 100 138 48 76 35 44 78 96 89 148 194 71 171 157 110 139 25 153 31 182 83 177 119 133 141 107 185 146 161 17 203 180 172 8 20 22 178 82 61 45 183 184 29 54 175 72 198 162 115 10 160 189 118 197 109 98 27 7 66 154 122 201 144 191 92 108 169 86 105 58 26 77 3 112 37 176 4 159 50 149 2 101 147 121 116 193 81 202 30 19 106 6 41 151 187 152 42 67 9 103 130 174 128 124 114 93 52 57 170 142 34 94 200 117 70 80 99 23 53 18 168 15 24 132 87 65 150 125 97 56 129 79 199 165 120 91 38 1 164 95 33 145 74 192 158 163 104 173 32 179 131 136 137 111 84 188 16 88 126 49 36 60 123 55 63 181 51 143 75 64 156 140 90 190
197 130 50 154 20 30 67 180 31 47 199 13 92 114 123 66 120 196 177 142 106 191 8 61 188 108 83 125 140 48 76 182 4 90 7 5 167 204 98 135 6 156 116 14 64 152 88 15 192 163 42 168 151 27 161 145 133 25 162 195 28 184 79 68 86 34 203 97 169 21 136 127 138 170 85 179 134 159 12 190 65 155 175 43 146 19 24 126 89 32 143 62 78 144 41 178 18 80 81 35 36 63 102 137 100 104 103 187 186 58 160 165 72 1 202 3 115 158 124 157 74 52 91 150 2 94 176 201 101 82 59 56 23 87 33 194 93 38 22 183 40 112 10 84 49 189 117 166 171 174 110 181 129 113 60 55 122 200 57 16 149 172 128 51 17 70 39 148 77 164 111 45 96 9 29 54 147 141 118 75 107 105 193 121 11 44 53 46 132 109 119 131 153 26 99 71 37 73 185 198 139 69 173 95
153 48 129 45 134 66 65 7 167 152 147 21 185 56 77 199 99 11 114 174 63 156 115 203 177 69 188 80 106 72 3 13 90 100 70 198 183 186 102 58 113 91 128 135 64 159 124 88 16 71 29 202 38 190 22 49 12 133 79 25 121 33 112 15 191 184 148 59 118 200 197 181 187 168 111 105 201 93 57 47 60 10 158 107 145 172 44 196 28 61 151 96 27 8 5 117 42 195 83 6 97 154 173 110 84 179 175 67 30 55 87 73 18 76 155 140 35 169 92 53 26 130 165 46 43 41 119 171 82 192 123 161 137 68 52 17 116 164 144 142 139 157 74 54 170 141 136 104 2 36 189 37 176 98 19 150 126 194 146 101 178 138 62 9 182 50 166 86 89 109 149 163 120 131 24 103 78 162 31 160 143 34 81 4 108 180 193 127 23 122 204 95 75 125 14 40 20 85 32 51 1 39 94 132
32 67 100 8 40 22 106 137 85 170 151 103 158 57 81 134 36 65 198 49 167 133 162 157 118 102 53 31 96 113 50 115 138 189 86 17 173 16 59 29 97 6 27 21 141 192 152 63 195 51 72 166 44 144 39 169 52 183 126 15 89 26 79 165 204 153 46 66 30 180 130 159 87 69 64 172 135 184 84 5 175 164 42 155 132 25 140 58 129 128 174 33 124 142 143 168 55 1 19 71 35 112 3 150 116 37 177 38 78 190 200 60 179 196 114 76 194 171 2 108 107 109 197 136 28 119 182 120 56 68 185 47 10 9 146 148 203 145 191 77 70 13 147 199 139 92 125 54 94 18 149 202 186 131 88 20 105 95 201 43 98 188 74 75 178 48 176 123 187 163 193 156 23 34 104 101 45 111 41 80 110 73 61 14 90 154 117 62 4 122 181 121 91 160 83 161 93 7 82 24 99 12 127 11
61 104 83 191 193 34 98 64 129 199 14 97 29 90 21 115 62 69 122 65 81 160 37 72 165 110 89 93 198 168 109 73 112 44 140 55 57 196 190 102 132 150 183 164 15 130 195 185 124 3 52 2 194 46 103 12 107 113 26 131 142 186 138 169 157 13 182 128 201 53 63 177 181 158 43 51 45 145 151 202 16 118 153 78 180 126 70 197 147 105 162 50 7 95 75 76 77 33 9 91 23 60 19 149 203 4 49 121 163 25 154 176 101 172 200 11 84 108 56 99 159 59 39 136 86 47 6 28 178 30 41 17 171 106 100 155 144 40 67 156 85 167 36 22 96 88 133 68 143 82 174 38 120 187 141 79 119 114 27 175 58 116 5 80 173 66 1 94 42 8 166 18 35 71 117 54 204 184 92 32 170 137 123 111 139 179 152 125 161 20 188 127 24 148 135 192 48 134 10 146 189 87 74 31
147 103 99 41 94 51 27 64 179 45 42 163 76 28 188 136 52 2 194 19 90 160 191 69 8 184 178 129 170 172 180 148 91 140 6 17 21 199 145 63 39 127 152 47 114 128 43 44 100 155 149 201 95 37 16 169 139 34 165 168 173 111 162 137 176 32 204 96 200 9 89 11 72 1 181 115 104 196 26 66 192 56 133 108 53 24 7 29 97 159 198 116 10 79 121 74 82 13 144 182 31 30 58 189 106 146 15 46 22 49 143 118 117 3 12 126 167 124 92 183 78 77 195 60 50 161 202 164 57 85 18 83 101 174 158 123 175 154 62 166 187 113 55 5 186 141 102 135 190 59 4 70 156 71 203 142 35 193 73 87 23 177 84 125 109 20 120 36 81 119 40 150 98 110 105 131 54 75 61 48 80 25 14 112 151 132 86 33 130 197 157 88 138 153 134 171 185 65 93 122 38 67 107 68
28 20 43 79 31 199 108 6 131 157 101 149 10 152 200 40 202 134 58 65 135 67 56 140 137 177 153 167 78 121 165 34 1 166 45 201 150 189 38 30 52 122 129 70 59 24 186 146 154 80 184 49 120 110 123 198 81 93 160 11 164 66 193 155 73 173 170 188 147 115 15 21 71 113 142 89 32 27 69 151 64 148 159 9 203 22 29 197 23 156 35 94 162 82 16 37 133 143 41 187 91 163 181 13 62 8 107 114 192 26 39 2 139 44 144 117 124 97 61 48 141 182 127 4 19 7 112 161 77 130 36 17 100 179 125 138 98 88 175 76 195 178 60 180 95 5 118 84 18 99 42 74 105 185 171 33 102 50 196 169 47 54 85 90 3 176 51 119 86 132 53 96 83 55 194 68 145 109 63 168 136 126 116 183 128 190 75 46 92 25 57 12 204 111 191 174 172 158 14 106 103 72 104 87
38 79 157 74 196 40 18 9 81 53 182 132 133 146 19 97 22 103 67 167 91 152 143 127 44 15 107 108 203 45 197 147 200 5 118 13 10 47 193 27 195 105 201 100 117 39 185 198 111 73 56 29 122 183 192 110 63 33 125 186 82 188 76 172 93 149 62 204 83 175 94 37 176 7 4 21 1 116 3 184 84 36 70 178 54 86 164 161 43 189 113 174 170 179 202 31 144 129 151 162 112 148 180 142 128 42 98 57 55 69 138 126 190 20 96 95 2 26 119 158 80 123 61 89 169 64 130 32 124 187 101 181 150 71 115 68 135 160 156 58 99 11 6 34 155 16 14 41 168 114 35 191 171 77 199 23 60 154 109 120 137 165 121 106 59 153 131 140 92 78 46 177 24 88 17 134 104 25 30 66 65 102 49 50 194 163 136 166 12 145 139 173 87 72 85 159 48 52 141 8 28 90 75 51
198 168 139 57 66 54 41 11 175 64 105 43 93 91 10 202 6 166 173 188 142 19 162 15 49 81 97 76 161 9 87 125 92 155 48 65 31 179 176 118 123 53 148 186 103 143 112 55 77 63 160 96 26 40 153 35 126 101 146 52 30 13 7 195 73 38 3 200 204 61 83 78 110 85 165 74 154 16 190 111 24 32 58 181 33 69 169 174 180 147 18 80 79 86 67 135 194 28 149 184 191 98 59 151 88 47 193 23 82 170 90 99 183 178 117 75 201 27 164 136 45 203 22 187 140 44 89 157 8 34 20 132 37 115 102 113 36 62 189 50 145 177 156 197 51 29 5 70 106 108 129 104 4 127 182 141 46 138 120 107 2 60 137 42 150 17 25 172 56 21 167 100 192 124 116 71 12 119 196 128 131 185 1 199 163 94 171 134 68 152 158 95 133 39 159 121 72 144 114 84 130 14 122 109
143 60 161 136 133 92 175 68 196 156 179 199 16 141 188 139 103 203 185 53 72 129 118 176 180 134 20 62 93 86 191 21 1 69 42 204 44 94 63 29 160 198 135 148 67 85 100 9 26 17 109 157 197 128 40 22 34 64 6 32 174 55 183 96 13 119 202 12 182 7 115 171 137 154 123 47 51 108 89 11 192 120 31 75 23 83 187 193 28 110 200 138 114 116 104 39 127 77 186 153 152 164 79 81 58 70 146 126 155 130 97 190 30 142 78 43 144 117 10 45 15 124 106 189 46 170 177 168 99 121 107 5 56 80 158 52 66 54 98 145 49 24 150 88 71 112 38 76 184 181 173 178 73 131 59 91 4 102 147 149 14 194 35 163 84 33 159 90 165 172 61 36 57 3 140 27 41 19 18 87 169 125 74 2 166 151 195 50 82 25 201 95 162 132 113 101 37 8 111 105 65 48 122 167
201 7 92 177 118 101 136 38 151 98 86 99 10 156 75 78 154 27 103 183 189 131 57 174 133 17 5 127 137 124 204 198 110 113 41 190 84 197 12 159 119 121 4 42 1 71 111 82 62 107 147 141 49 162 15 63 117 73 31 36 58 65 134 37 202 9 179 16 187 77 146 112 3 192 195 114 68 170 91 150 129 123 87 72 203 28 168 178 69 51 76 2 182 81 43 85 165 139 30 20 34 67 180 160 196 155 169 11 61 19 80 47 185 14 167 96 176 29 83 89 55 194 164 26 94 153 93 161 191 138 23 181 108 18 48 33 173 149 148 132 135 66 6 140 106 64 104 122 166 157 50 35 44 25 22 193 32 186 105 142 97 145 109 116 143 88 200 158 95 54 100 74 171 79 52 70 8 115 24 175 53 188 126 59 46 130 102 60 45 125 199 172 90 120 39 184 152 13 56 21 144 128 40 163
78 183 17 161 189 146 197 29 94 74 4 109 177 182 85 170 134 30 139 52 96 59 184 11 22 128 87 118 38 53 187 80 6 150 199 140 91 132 10 35 127 106 32 147 101 130 185 141 14 203 82 191 50 86 181 5 133 100 61 112 103 173 190 171 75 123 8 28 41 153 95 7 81 46 107 71 131 117 162 60 151 111 129 186 97 116 108 164 76 188 45 158 34 84 26 88 33 64 154 39 119 43 115 63 2 70 48 175 79 24 192 40 67 125 65 196 157 172 165 166 102 92 120 195 105 138 194 200 160 180 149 121 3 99 51 49 42 144 1 198 89 126 176 93 58 15 54 114 90 159 44 145 55 110 178 83 137 20 122 135 77 66 167 168 174 62 202 113 136 156 37 143 73 27 124 18 204 193 72 13 47 201 16 12 57 19 31 148 152 69 68 163 9 56 25 23 36 169 179 104 142 98 21 155
19 71 85 204 76 171 143 159 17 192 28 181 148 135 107 5 2 147 95 51 73 126 103 189 175 127 59 144 97 22 156 42 166 24 58 99 191 162 179 39 49 194 117 13 70 193 123 68 25 87 141 149 60 134 27 16 120 136 50 184 88 102 122 116 178 187 124 12 125 78 77 203 33 140 75 146 15 165 1 32 110 200 11 98 112 41 36 153 142 4 74 69 139 61 113 172 84 130 114 45 56 8 169 115 26 64 196 18 132 7 48 119 47 161 81 91 44 53 202 190 82 195 163 67 92 157 6 188 54 155 29 167 170 38 52 66 94 199 65 158 108 90 129 137 20 14 109 79 151 152 21 185 182 168 177 154 176 37 62 173 174 186 150 145 93 106 118 101 46 180 138 83 96 183 104 121 9 23 89 111 201 128 40 164 34 57 100 31 30 197 160 72 3 80 55 10 105 43 86 133 131 63 198 35
169 52 101 122 89 39 181 10 29 137 68 82 76 198 172 50 114 66 126 36 179 32 148 177 185 107 113 141 202 112 47 60 157 9 120 182 93 65 79 132 95 153 80 45 78 143 104 162 17 123 6 23 97 72 94 125 116 193 201 12 167 46 11 163 117 191 109 7 183 51 44 3 24 149 31 129 160 38 67 131 106 135 102 96 146 184 150 178 136 35 103 152 192 1 34 194 100 105 155 165 55 145 176 21 84 19 42 154 108 20 53 98 28 86 140 61 161 99 118 49 200 139 26 27 70 196 174 186 168 171 57 48 164 199 133 147 71 15 204 63 90 75 77 5 88 14 124 30 91 33 22 115 121 170 37 25 159 175 189 83 197 190 74 13 16 85 58 127 110 43 87 166 203 144 81 156 40 158 64 173 180 92 195 119 128 41 2 151 73 18 111 138 69 54 134 8 59 4 62 130 188 56 187 142
162 149 196 129 141 119 26 81 111 137 203 166 62 204 44 48 12 91 77 142 46 53 8 201 50 16 2 52 10 118 107 145 105 11 5 98 78 43 100 172 200 20 165 184 147 55 70 161 92 58 187 21 117 15 138 75 71 97 73 160 35 180 54 120 1 115 89 183 143 7 110 168 39 88 51 197 159 36 195 103 156 173 130 139 123 61 66 65 29 140 94 33 116 144 18 13 76 114 127 125 190 153 45 185 64 170 108 47 132 24 122 155 101 154 30 113 176 63 85 174 106 23 133 80 189 38 148 9 109 69 192 41 40 121 136 181 37 56 131 4 175 3 57 182 86 146 82 87 25 27 164 95 171 34 68 19 84 83 126 186 151 49 150 194 67 22 157 169 152 99 17 188 199 191 96 60 178 6 134 74 167 135 158 104 179 128 102 90 177 112 124 93 14 163 72 42 31 59 32 198 193 202 28 79
53 125 69 3 194 62 71 11 92 100 27 117 34 179 170 108 30 204 171 41 28 37 91 133 145 61 45 22 60 200 166 84 5 51 140 70 103 56 15 188 130 95 129 154 85 120 98 43 186 32 8 173 48 75 122 66 107 162 142 87 12 96 38 52 124 202 10 136 190 25 72 21 175 6 134 159 104 172 80 50 183 150 123 31 160 111 110 151 114 102 137 67 4 82 33 59 169 146 13 203 23 24 93 126 1 42 115 46 118 64 35 44 141 109 14 101 97 176 77 148 18 191 167 181 128 147 185 2 168 178 81 54 86 94 20 112 83 99 131 78 197 199 193 195 113 163 161 119 187 89 177 149 63 127 174 68 198 58 26 88 158 7 156 40 157 116 165 182 105 57 192 153 132 184 90 121 16 143 196 47 29 36 55 152 73 65 144 106 17 201 19 180 74 139 79 76 189 155 164 138 39 49 9 135
156 167 2 8 124 31 179 25 88 187 109 9 29 100 50 112 75 52 12 162 104 3 6 79 64 65 134 26 85 114 101 5 84 161 121 119 67 27 155 83 49 177 108 175 154 183 147 57 62 202 144 131 169 185 189 197 115 16 123 61 45 200 95 102 157 90 1 132 58 33 126 181 44 92 182 198 188 43 74 17 199 59 80 94 146 11 201 21 180 148 151 78 192 82 149 14 117 81 63 168 70 139 93 142 137 39 68 195 91 96 40 86 173 98 103 118 10 166 116 171 7 122 97 150 164 19 60 138 176 47 160 55 30 66 127 37 72 111 38 18 15 34 178 159 186 172 76 174 196 125 24 99 35 107 193 163 48 77 4 190 133 32 87 56 158 194 145 113 110 41 106 141 165 46 170 152 54 120 42 105 135 28 71 89 140 36 203 69 130 20 51 136 204 153 23 143 129 184 73 53 128 22 191 13
190 48 97 123 181 39 114 73 81 125 51 193 11 194 186 106 17 109 110 201 154 130 131 40 167 132 180 32 127 50 115 141 104 119 13 108 135 174 100 3 34 192 22 33 41 42 95 7 196 103 121 133 189 182 16 124 112 62 117 28 57 150 89 129 19 140 101 67 74 63 46 118 20 45 37 55 173 82 128 23 142 179 156 58 171 99 178 79 105 38 191 88 54 195 203 47 21 85 1 27 158 5 204 78 86 185 165 56 184 138 72 61 145 35 2 120 12 36 188 43 199 137 64 152 6 69 10 107 134 175 59 26 94 153 122 149 155 202 70 148 49 92 146 170 183 66 160 139 161 136 159 176 147 126 77 172 177 166 53 60 187 98 65 162 198 102 168 144 111 8 24 93 76 163 68 83 197 164 157 91 169 84 96 15 200 113 87 143 80 31 44 4 52 30 116 71 151 90 18 25 75 14 9 29
158 169 88 49 182 31 121 125 163 140 131 12 185 91 162 179 1 68 89 146 92 81 76 50 67 145 107 64 114 45 37 74 2 148 77 27 60 181 83 119 183 198 43 126 14 36 102 73 38 111 167 18 26 194 106 166 157 139 84 142 93 137 118 21 11 189 9 8 66 127 144 22 192 108 95 85 122 58 80 34 138 172 174 62 197 33 165 116 164 63 39 193 86 51 168 130 104 96 55 150 170 105 69 25 203 200 16 190 35 120 70 28 32 159 129 98 156 3 110 78 186 79 173 6 117 128 82 161 72 188 101 94 154 184 87 113 153 7 29 4 160 103 61 20 13 201 133 134 123 46 136 75 180 112 132 141 44 56 177 30 71 90 176 195 143 187 47 135 54 100 48 149 23 109 202 19 99 199 65 17 97 204 40 53 57 5 152 59 147 124 155 196 175 171 115 191 52 10 15 151 42 24 178 41
52 48 199 56 61 169 39 16 50 68 196 20 198 201 114 64 11 137 188 108 38 102 94 189 65 76 148 130 139 54 160 42 84 143 136 35 105 165 190 117 9 78 164 72 101 27 158 58 180 13 153 121 44 159 15 14 19 80 184 186 24 150 111 86 166 134 1 59 4 170 96 99 194 37 34 97 120 138 31 87 100 125 70 74 30 95 103 141 92 33 161 157 172 25 174 200 51 7 131 89 62 5 22 116 113 66 77 163 69 67 144 3 175 204 151 147 140 124 181 60 182 8 126 195 10 155 110 133 192 193 57 2 183 85 135 82 21 106 45 177 149 75 115 55 203 40 79 91 185 6 112 29 63 28 53 49 71 127 154 36 17 98 26 104 107 81 178 18 171 122 146 73 46 167 187 23 176 90 47 162 109 32 43 168 152 173 118 12 156 123 128 202 41 197 132 129 83 145 191 119 142 88 179 93
129 176 99 188 132 62 8 95 143 26 170 142 171 172 151 162 107 55 179 111 81 41 168 202 39 15 9 28 185 114 127 160 128 97 189 63 164 30 35 193 54 47 182 116 110 154 46 183 113 12 7 49 187 32 169 68 153 86 27 137 136 77 140 126 75 60 29 48 186 91 78 192 141 121 122 51 25 101 14 70 191 23 65 71 98 37 79 155 157 124 94 76 88 19 194 18 146 89 83 120 200 53 201 196 87 92 156 150 50 139 199 45 178 159 109 21 100 103 138 117 72 80 108 84 59 174 198 180 93 144 133 64 175 161 56 61 177 5 24 119 58 31 6 82 163 112 181 106 123 42 135 67 69 165 204 16 4 1 85 13 184 195 52 166 44 147 131 40 149 66 190 57 20 33 36 2 152 10 105 38 96 134 118 11 3 173 145 74 197 90 148 73 43 104 115 102 130 22 34 203 158 125 167 17
184 138 187 92 88 111 161 139 112 70 46 52 177 154 44 19 8 192 188 91 57 2 150 86 113 27 117 22 174 143 56 181 5 155 37 72 67 103 176 75 196 122 162 79 82 158 99 151 119 71 1 203 107 140 94 65 106 135 78 195 16 179 47 167 129 29 26 114 9 171 163 202 59 51 50 102 147 121 157 76 68 73 100 23 146 18 66 125 172 180 109 173 128 33 6 17 115 145 25 160 131 42 24 54 182 30 60 45 80 110 198 168 55 81 10 87 197 96 126 48 116 97 185 43 41 61 85 191 123 38 201 11 28 190 90 127 77 199 20 141 89 130 34 149 124 83 200 142 118 132 40 63 101 144 189 39 133 13 35 148 108 7 194 183 74 49 15 153 14 156 178 53 165 69 104 159 95 186 64 169 31 58 12 136 98 105 93 152 137 62 3 32 84 36 4 204 21 134 166 175 193 170 120 164
48 132 134 17 193 111 169 7 91 140 30 98 139 22 163 110 95 40 122 187 14 106 136 165 31 21 100 90 103 112 138 159 96 195 93 170 24 105 155 10 192 120 78 123 57 151 180 81 69 156 89 59 201 199 64 181 160 61 168 65 191 197 183 33 162 9 52 143 80 141 172 53 194 47 67 74 185 55 121 116 177 71 75 158 82 167 144 87 34 182 196 70 188 202 60 84 62 66 56 97 176 189 126 2 186 184 26 118 124 25 43 102 145 173 63 77 137 171 6 83 133 174 79 150 86 85 37 27 113 166 198 157 12 114 128 36 152 190 149 11 73 20 88 15 200 58 39 131 175 154 164 28 115 1 18 29 32 8 127 129 204 54 153 38 142 161 147 72 19 41 179 119 4 42 148 117 107 50 35 104 46 45 68 49 44 51 13 94 146 109 76 108 92 178 16 5 130 101 99 135 203 125 23 3
191 176 99 138 44 105 53 62 54 147 91 58 56 114 79 172 4 24 16 141 22 1 26 201 49 186 180 120 157 40 113 189 20 165 146 181 9 55 23 124 73 65 83 164 52 116 6 179 89 184 101 143 159 19 155 149 134 78 152 30 46 94 86 173 139 202 198 126 18 190 103 41 200 102 82 10 187 168 122 60 84 63 125 123 8 150 156 35 95 74 127 75 160 137 154 112 167 90 192 196 28 61 5 115 158 32 39 15 3 98 42 80 129 117 66 166 33 162 148 68 29 13 12 130 34 128 119 67 69 170 50 131 194 151 2 182 76 93 197 203 111 57 161 183 81 25 72 109 38 100 27 171 7 21 121 85 71 70 48 14 177 107 87 77 59 133 104 106 108 43 31 142 132 163 175 169 36 92 11 153 118 188 144 51 185 195 135 37 97 64 178 199 88 110 136 96 17 140 193 45 174 204 145 47
3 123 51 58 107 131 40 5 147 41 96 204 167 177 61 70 166 47 185 118 66 42 56 23 129 101 112 133 9 116 69 111 163 88 144 90 124 32 79 173 80 178 45 198 155 31 199 194 176 122 113 191 14 13 94 24 134 17 37 86 2 195 143 39 93 115 169 81 18 95 59 77 197 49 135 161 106 126 190 146 15 159 137 171 168 6 148 91 84 100 174 179 139 125 150 57 158 97 200 103 201 114 109 50 187 72 186 30 21 181 29 48 12 83 98 170 8 26 73 16 203 28 82 44 46 119 89 157 63 128 7 92 142 22 54 55 71 19 127 140 53 192 121 182 172 202 130 74 11 149 68 188 1 154 164 27 35 25 76 162 33 36 43 64 34 62 165 132 120 141 38 20 65 175 183 136 151 193 189 138 156 75 104 153 4 85 52 152 60 184 160 10 117 145 110 196 87 105 102 67 180 108 99 78
72 31 44 136 118 133 68 142 4 131 177 173 22 69 191 145 124 86 198 20 166 193 139 83 57 187 65 41 71 170 45 92 176 185 55 174 140 99 149 21 126 122 143 98 117 77 59 94 95 36 61 163 183 169 24 7 182 89 130 11 106 113 10 179 81 152 93 197 184 43 204 115 17 18 108 159 116 84 33 76 80 109 156 110 14 200 48 148 201 74 19 137 135 82 85 88 141 39 101 123 112 138 194 37 186 34 188 203 165 167 46 5 107 129 103 25 147 180 178 102 154 40 53 150 158 3 9 132 16 62 100 56 29 146 30 144 111 125 26 79 105 195 35 155 15 172 23 127 175 58 42 51 60 70 189 161 153 1 190 171 50 196 78 66 8 164 114 54 192 119 120 67 75 12 32 202 2 162 49 91 121 47 13 28 128 38 27 87 52 181 151 96 134 199 97 6 64 63 168 160 104 157 90 73
