48 23
1 2 3 4 5 6 7 8 9 10 11 12 13 14 15 16 17 18 19 20 21 22 23
1 2 24 4 5 46 7 8 36 10 23 12 20 14 15 35 17 18 19 13 43 29 11 3 25 26 27 28 22 30 31 32 33 34 16 9 37 47 39 40 41 42 21 44 45 6 38 48
1 2 24 4 5 46 7 8 36 10 23 12 20 14 15 35 17 18 19 13 43 29 11 3 25 26 27 28 22 30 31 32 33 34 16 9 37 47 39 40 41 42 21 44 45 6 38 48
1 2 24 4 5 46 7 8 36 10 23 12 20 14 15 35 17 18 19 13 43 29 11 3 25 26 27 28 22 30 31 32 33 34 16 9 37 47 39 40 41 42 21 44 45 6 38 48
1 2 24 4 5 46 7 8 36 10 23 12 20 14 15 35 17 18 19 13 43 29 11 3 25 26 27 28 22 30 31 32 33 34 16 9 37 47 39 40 41 42 21 44 45 6 38 48
1 2 24 4 5 46 7 8 36 10 23 12 20 14 15 35 17 18 19 13 43 29 11 3 25 26 27 28 22 30 31 32 33 34 16 9 37 47 39 40 41 42 21 44 45 6 38 48
1 2 3 4 5 6 7 8 48 10 11 41 27 14 38 16 17 28 19 20 15 22 23 24 25 26 13 18 29 30 36 32 39 34 40 31 37 21 33 35 12 42 43 44 45 46 47 9
1 2 3 4 5 6 7 8 48 10 11 41 27 14 38 16 17 28 19 20 15 22 23 24 25 26 13 18 29 30 36 32 39 34 40 31 37 21 33 35 12 42 43 44 45 46 47 9
1 2 3 4 5 6 7 8 48 10 11 41 27 14 38 16 17 28 19 20 15 22 23 24 25 26 13 18 29 30 36 32 39 34 40 31 37 21 33 35 12 42 43 44 45 46 47 9
1 2 3 4 5 6 7 8 48 10 11 41 27 14 38 16 17 28 19 20 15 22 23 24 25 26 13 18 29 30 36 32 39 34 40 31 37 21 33 35 12 42 43 44 45 46 47 9
1 2 3 4 5 6 7 8 48 10 11 41 27 14 38 16 17 28 19 20 15 22 23 24 25 26 13 18 29 30 36 32 39 34 40 31 37 21 33 35 12 42 43 44 45 46 47 9
1 2 3 4 5 6 7 8 48 10 11 41 27 14 38 16 17 28 19 20 15 22 23 24 25 26 13 18 29 30 36 32 39 34 40 31 37 21 33 35 12 42 43 44 45 46 47 9
1 2 3 4 5 6 7 8 48 10 11 41 27 14 38 16 17 28 19 20 15 22 23 24 25 26 13 18 29 30 36 32 39 34 40 31 37 21 33 35 12 42 43 44 45 46 47 9
1 2 3 4 5 6 7 8 48 10 11 41 27 14 38 16 17 28 19 20 15 22 23 24 25 26 13 18 29 30 36 32 39 34 40 31 37 21 33 35 12 42 43 44 45 46 47 9
1 2 3 4 5 6 7 8 48 10 11 41 27 14 38 16 17 28 19 20 15 22 23 24 25 26 13 18 29 30 36 32 39 34 40 31 37 21 33 35 12 42 43 44 45 46 47 9
1 2 3 4 5 6 7 8 48 10 11 41 27 14 38 16 17 28 19 20 15 22 23 24 25 26 13 18 29 30 36 32 39 34 40 31 37 21 33 35 12 42 43 44 45 46 47 9
1 2 3 4 5 6 7 8 48 10 11 41 27 14 38 16 17 28 19 20 15 22 23 24 25 26 13 18 29 30 36 32 39 34 40 31 37 21 33 35 12 42 43 44 45 46 47 9
1 2 3 4 5 6 7 8 48 10 11 41 27 14 38 16 17 28 19 20 15 22 23 24 25 26 13 18 29 30 36 32 39 34 40 31 37 21 33 35 12 42 43 44 45 46 47 9
1 2 3 4 5 6 7 8 48 10 11 41 27 14 38 16 17 28 19 20 15 22 23 24 25 26 13 18 29 30 36 32 39 34 40 31 37 21 33 35 12 42 43 44 45 46 47 9
1 2 3 4 5 6 7 8 48 10 11 41 27 14 38 16 17 28 19 20 15 22 23 24 25 26 13 18 29 30 36 32 39 34 40 31 37 21 33 35 12 42 43 44 45 46 47 9
21 2 3 23 5 6 7 8 10 41 11 12 13 14 40 9 17 18 19 1 20 22 4 24 25 26 27 28 29 30 31 32 33 37 35 36 34 38 39 15 46 42 43 44 45 16 47 48
21 2 3 23 5 6 7 8 10 41 11 12 13 14 40 9 17 18 19 1 20 22 4 24 25 26 27 28 29 30 31 32 33 37 35 36 34 38 39 15 46 42 43 44 45 16 47 48
21 2 3 23 5 6 7 8 10 41 11 12 13 14 40 9 17 18 19 1 20 22 4 24 25 26 27 28 29 30 31 32 33 37 35 36 34 38 39 15 46 42 43 44 45 16 47 48
21 2 3 23 5 6 7 8 10 41 11 12 13 14 40 9 17 18 19 1 20 22 4 24 25 26 27 28 29 30 31 32 33 37 35 36 34 38 39 15 46 42 43 44 45 16 47 48
