48 11
6 7 14 17 19 20 22 26 29 32 35
8 31 10 44 42 11 33 46 6 36 5 3 39 7 41 43 45 27 47 13 12 20 30 22 4 15 32 2 34 26 37 21 28 40 24 35 14 29 16 38 23 9 17 1 19 25 48 18
8 31 10 44 42 11 33 46 6 36 5 3 39 7 41 43 45 27 47 13 12 20 30 22 4 15 32 2 34 26 37 21 28 40 24 35 14 29 16 38 23 9 17 1 19 25 48 18
8 31 10 44 42 11 33 46 6 36 5 3 39 7 41 43 45 27 47 13 12 20 30 22 4 15 32 2 34 26 37 21 28 40 24 35 14 29 16 38 23 9 17 1 19 25 48 18
8 31 10 44 42 11 33 46 6 36 5 3 39 7 41 43 45 27 47 13 12 20 30 22 4 15 32 2 34 26 37 21 28 40 24 35 14 29 16 38 23 9 17 1 19 25 48 18
12 19 4 18 21 13 25 22 42 23 37 44 1 43 26 11 48 46 33 31 27 16 35 34 39 6 28 20 38 3 10 45 7 2 32 8 5 17 15 30 40 14 29 9 41 47 36 24
12 19 4 18 21 13 25 22 42 23 37 44 1 43 26 11 48 46 33 31 27 16 35 34 39 6 28 20 38 3 10 45 7 2 32 8 5 17 15 30 40 14 29 9 41 47 36 24
12 19 4 18 21 13 25 22 42 23 37 44 1 43 26 11 48 46 33 31 27 16 35 34 39 6 28 20 38 3 10 45 7 2 32 8 5 17 15 30 40 14 29 9 41 47 36 24
12 19 4 18 21 13 25 22 42 23 37 44 1 43 26 11 48 46 33 31 27 16 35 34 39 6 28 20 38 3 10 45 7 2 32 8 5 17 15 30 40 14 29 9 41 47 36 24
12 19 4 18 21 13 25 22 42 23 37 44 1 43 26 11 48 46 33 31 27 16 35 34 39 6 28 20 38 3 10 45 7 2 32 8 5 17 15 30 40 14 29 9 41 47 36 24
12 19 4 18 21 13 25 22 42 23 37 44 1 43 26 11 48 46 33 31 27 16 35 34 39 6 28 20 38 3 10 45 7 2 32 8 5 17 15 30 40 14 29 9 41 47 36 24
12 19 4 18 21 13 25 22 42 23 37 44 1 43 26 11 48 46 33 31 27 16 35 34 39 6 28 20 38 3 10 45 7 2 32 8 5 17 15 30 40 14 29 9 41 47 36 24
