79 22
2 4 6 9 14 20 21 23 26 30 34 35 38 42 47 48 49 50 51 52 53 56
1 2 3 4 5 6 49 8 9 10 11 12 72 27 15 23 17 18 19 20 21 22 16 24 48 68 14 74 78 30 31 32 34 38 35 36 37 33 39 40 41 45 43 44 42 60 55 47 7 50 51 52 67 54 66 59 57 58 56 46 61 62 63 64 65 25 53 26 69 70 71 13 73 28 75 76 77 29 79
17 32 26 4 5 6 7 8 9 31 11 12 13 14 15 16 62 18 73 20 21 71 23 64 42 33 27 47 29 77 10 2 68 34 35 36 37 38 39 40 41 25 43 44 45 46 28 48 61 50 51 52 22 54 55 56 57 58 59 60 49 1 63 30 65 75 67 3 69 70 53 72 19 74 66 76 24 78 79
1 2 3 4 5 6 7 8 9 10 11 12 13 14 74 16 17 18 19 20 70 41 23 24 79 26 27 28 29 30 73 43 33 34 35 62 78 38 39 40 22 57 32 44 45 46 47 21 49 50 76 52 53 71 55 56 66 58 59 60 61 36 63 31 65 15 51 68 69 48 67 72 64 42 75 54 77 37 25
1 2 3 4 5 6 7 8 9 10 11 12 13 14 74 16 17 18 19 20 70 41 23 24 79 26 27 28 29 30 73 43 33 34 35 62 78 38 39 40 22 57 32 44 45 46 47 21 49 50 76 52 53 71 55 56 66 58 59 60 61 36 63 31 65 15 51 68 69 48 67 72 64 42 75 54 77 37 25
1 2 3 4 5 6 7 8 9 10 11 12 13 14 74 16 17 18 19 20 70 41 23 24 79 26 27 28 29 30 73 43 33 34 35 62 78 38 39 40 22 57 32 44 45 46 47 21 49 50 76 52 53 71 55 56 66 58 59 60 61 36 63 31 65 15 51 68 69 48 67 72 64 42 75 54 77 37 25
1 2 3 4 5 6 7 8 9 10 11 12 13 14 74 16 17 18 19 20 70 41 23 24 79 26 27 28 29 30 73 43 33 34 35 62 78 38 39 40 22 57 32 44 45 46 47 21 49 50 76 52 53 71 55 56 66 58 59 60 61 36 63 31 65 15 51 68 69 48 67 72 64 42 75 54 77 37 25
1 2 3 4 5 6 7 8 9 10 11 12 13 14 74 16 17 18 19 20 70 41 23 24 79 26 27 28 29 30 73 43 33 34 35 62 78 38 39 40 22 57 32 44 45 46 47 21 49 50 76 52 53 71 55 56 66 58 59 60 61 36 63 31 65 15 51 68 69 48 67 72 64 42 75 54 77 37 25
1 2 3 4 5 6 7 8 9 10 11 12 13 14 74 16 17 18 19 20 70 41 23 24 79 26 27 28 29 30 73 43 33 34 35 62 78 38 39 40 22 57 32 44 45 46 47 21 49 50 76 52 53 71 55 56 66 58 59 60 61 36 63 31 65 15 51 68 69 48 67 72 64 42 75 54 77 37 25
1 2 3 4 5 6 7 8 9 10 11 12 13 14 74 16 17 18 19 20 70 41 23 24 79 26 27 28 29 30 73 43 33 34 35 62 78 38 39 40 22 57 32 44 45 46 47 21 49 50 76 52 53 71 55 56 66 58 59 60 61 36 63 31 65 15 51 68 69 48 67 72 64 42 75 54 77 37 25
1 2 3 4 5 6 7 8 9 10 11 12 13 14 74 16 17 18 19 20 70 41 23 24 79 26 27 28 29 30 73 43 33 34 35 62 78 38 39 40 22 57 32 44 45 46 47 21 49 50 76 52 53 71 55 56 66 58 59 60 61 36 63 31 65 15 51 68 69 48 67 72 64 42 75 54 77 37 25
1 2 3 4 5 6 7 8 9 10 11 12 13 14 74 16 17 18 19 20 70 41 23 24 79 26 27 28 29 30 73 43 33 34 35 62 78 38 39 40 22 57 32 44 45 46 47 21 49 50 76 52 53 71 55 56 66 58 59 60 61 36 63 31 65 15 51 68 69 48 67 72 64 42 75 54 77 37 25
1 41 3 4 5 6 7 8 9 44 48 46 70 14 15 77 17 54 19 20 21 22 40 75 25 26 59 28 29 30 13 32 33 34 50 69 37 38 39 23 2 42 43 10 45 12 57 11 49 35 51 52 53 18 55 63 47 58 27 60 61 62 56 74 71 66 67 68 36 31 65 72 73 64 24 76 16 78 79
1 41 3 4 5 6 7 8 9 44 48 46 70 14 15 77 17 54 19 20 21 22 40 75 25 26 59 28 29 30 13 32 33 34 50 69 37 38 39 23 2 42 43 10 45 12 57 11 49 35 51 52 53 18 55 63 47 58 27 60 61 62 56 74 71 66 67 68 36 31 65 72 73 64 24 76 16 78 79
1 41 3 4 5 6 7 8 9 44 48 46 70 14 15 77 17 54 19 20 21 22 40 75 25 26 59 28 29 30 13 32 33 34 50 69 37 38 39 23 2 42 43 10 45 12 57 11 49 35 51 52 53 18 55 63 47 58 27 60 61 62 56 74 71 66 67 68 36 31 65 72 73 64 24 76 16 78 79
1 41 3 4 5 6 7 8 9 44 48 46 70 14 15 77 17 54 19 20 21 22 40 75 25 26 59 28 29 30 13 32 33 34 50 69 37 38 39 23 2 42 43 10 45 12 57 11 49 35 51 52 53 18 55 63 47 58 27 60 61 62 56 74 71 66 67 68 36 31 65 72 73 64 24 76 16 78 79
1 41 3 4 5 6 7 8 9 44 48 46 70 14 15 77 17 54 19 20 21 22 40 75 25 26 59 28 29 30 13 32 33 34 50 69 37 38 39 23 2 42 43 10 45 12 57 11 49 35 51 52 53 18 55 63 47 58 27 60 61 62 56 74 71 66 67 68 36 31 65 72 73 64 24 76 16 78 79
1 41 3 4 5 6 7 8 9 44 48 46 70 14 15 77 17 54 19 20 21 22 40 75 25 26 59 28 29 30 13 32 33 34 50 69 37 38 39 23 2 42 43 10 45 12 57 11 49 35 51 52 53 18 55 63 47 58 27 60 61 62 56 74 71 66 67 68 36 31 65 72 73 64 24 76 16 78 79
1 41 3 4 5 6 7 8 9 44 48 46 70 14 15 77 17 54 19 20 21 22 40 75 25 26 59 28 29 30 13 32 33 34 50 69 37 38 39 23 2 42 43 10 45 12 57 11 49 35 51 52 53 18 55 63 47 58 27 60 61 62 56 74 71 66 67 68 36 31 65 72 73 64 24 76 16 78 79
1 41 3 4 5 6 7 8 9 44 48 46 70 14 15 77 17 54 19 20 21 22 40 75 25 26 59 28 29 30 13 32 33 34 50 69 37 38 39 23 2 42 43 10 45 12 57 11 49 35 51 52 53 18 55 63 47 58 27 60 61 62 56 74 71 66 67 68 36 31 65 72 73 64 24 76 16 78 79
1 53 3 68 5 6 63 8 9 10 11 48 13 47 15 16 17 18 19 20 21 22 23 24 25 26 27 28 76 30 31 32 33 34 35 44 37 38 39 40 41 42 43 66 45 46 7 79 58 56 51 57 52 54 62 50 2 67 59 60 61 36 14 64 65 55 49 4 69 70 71 72 73 74 75 29 77 78 12
1 53 3 68 5 6 63 8 9 10 11 48 13 47 15 16 17 18 19 20 21 22 23 24 25 26 27 28 76 30 31 32 33 34 35 44 37 38 39 40 41 42 43 66 45 46 7 79 58 56 51 57 52 54 62 50 2 67 59 60 61 36 14 64 65 55 49 4 69 70 71 72 73 74 75 29 77 78 12
18 2 3 9 38 32 7 8 45 10 11 22 13 14 15 16 17 1 29 35 37 67 62 24 25 6 27 33 72 30 31 26 28 34 46 36 76 5 39 40 41 42 43 44 4 20 47 55 49 50 51 52 53 54 48 56 57 58 59 60 61 23 63 64 65 66 12 68 69 70 71 19 73 74 75 21 77 78 79
