204 101
1 2 3 4 5 6 7 8 9 10 11 12 13 14 15 16 17 18 19 20 21 22 23 24 25 26 27 28 29 30 31 32 33 34 35 36 37 38 39 40 41 42 43 44 45 46 47 48 49 50 51 52 53 54 55 56 57 58 59 60 61 62 63 64 65 66 67 68 69 70 71 72 73 74 75 76 77 78 79 80 81 82 83 84 85 86 87 88 89 90 91 92 93 94 95 96 97 98 99 100 101
201 75 67 202 153 63 125 65 79 12 10 99 31 140 160 178 172 187 48 135 154 157 72 105 186 121 133 82 46 149 37 4 131 92 195 38 93 161 94 101 124 96 95 191 49 158 181 204 134 155 85 66 19 42 156 5 18 22 24 70 104 162 115 97 166 132 59 16 108 164 32 137 64 77 89 176 28 174 34 200 143 107 118 190 193 81 51 152 50 128 87 167 180 90 110 102 11 151 109 127 3 106 1 114 61 88 78 45 74 9 100 139 169 122 33 58 173 123 83 47 142 183 8 52 119 25 27 73 129 29 136 57 69 199 148 40 126 198 60 170 111 130 203 20 120 171 194 168 179 117 159 146 26 6 54 163 55 62 80 21 43 7 30 138 197 36 177 184 84 113 17 35 15 39 23 192 53 2 91 13 103 196 175 68 116 165 71 185 189 144 112 98 188 86 147 44 56 14 141 182 76 150 145 41
141 51 173 170 79 201 27 36 70 20 62 107 75 185 68 23 145 172 19 39 65 177 155 127 12 115 24 33 7 139 32 83 50 77 42 159 41 198 142 187 157 181 60 98 129 35 40 105 89 160 44 13 161 86 120 151 192 158 54 117 56 2 109 194 72 164 81 38 74 18 71 130 34 59 47 144 64 80 87 94 69 153 197 93 29 186 114 149 101 183 63 100 156 190 202 73 95 154 108 52 31 49 37 30 168 28 178 171 102 11 90 58 112 6 175 10 189 92 131 99 166 103 119 4 125 118 124 135 9 140 152 48 179 133 169 196 43 128 78 22 66 180 113 116 200 88 122 191 203 76 45 46 61 110 97 55 163 21 126 193 199 91 84 26 147 148 167 188 104 204 15 182 5 123 1 16 96 25 53 146 132 8 57 137 138 67 134 150 14 184 174 85 136 121 195 82 162 165 106 17 3 176 111 143
141 51 173 170 79 201 27 36 70 20 62 107 75 185 68 23 145 172 19 39 65 177 155 127 12 115 24 33 7 139 32 83 50 77 42 159 41 198 142 187 157 181 60 98 129 35 40 105 89 160 44 13 161 86 120 151 192 158 54 117 56 2 109 194 72 164 81 38 74 18 71 130 34 59 47 144 64 80 87 94 69 153 197 93 29 186 114 149 101 183 63 100 156 190 202 73 95 154 108 52 31 49 37 30 168 28 178 171 102 11 90 58 112 6 175 10 189 92 131 99 166 103 119 4 125 118 124 135 9 140 152 48 179 133 169 196 43 128 78 22 66 180 113 116 200 88 122 191 203 76 45 46 61 110 97 55 163 21 126 193 199 91 84 26 147 148 167 188 104 204 15 182 5 123 1 16 96 25 53 146 132 8 57 137 138 67 134 150 14 184 174 85 136 121 195 82 162 165 106 17 3 176 111 143
201 75 67 202 153 63 125 65 79 12 10 99 31 140 160 178 172 187 48 135 154 157 72 105 186 121 133 82 46 149 37 4 131 92 195 38 93 161 94 101 124 96 95 191 49 158 181 204 134 155 85 66 19 42 156 5 18 22 24 70 104 162 115 97 166 132 59 16 108 164 32 137 64 77 89 176 28 174 34 200 143 107 118 190 193 81 51 152 50 128 87 167 180 90 110 102 11 151 109 127 3 106 1 114 61 88 78 45 74 9 100 139 169 122 33 58 173 123 83 47 142 183 8 52 119 25 27 73 129 29 136 57 69 199 148 40 126 198 60 170 111 130 203 20 120 171 194 168 179 117 159 146 26 6 54 163 55 62 80 21 43 7 30 138 197 36 177 184 84 113 17 35 15 39 23 192 53 2 91 13 103 196 175 68 116 165 71 185 189 144 112 98 188 86 147 44 56 14 141 182 76 150 145 41
146 153 185 133 75 41 86 11 131 92 10 77 109 3 89 139 163 112 63 60 118 95 119 51 192 129 111 87 154 106 174 117 27 1 110 97 187 39 200 56 54 159 134 15 101 199 18 204 20 108 172 29 38 176 100 127 93 120 168 188 5 183 142 184 9 130 126 25 57 67 19 78 135 194 17 34 7 61 162 151 125 53 198 201 36 48 52 191 91 114 156 16 150 74 66 104 186 31 124 30 173 136 197 107 80 180 50 24 4 105 46 8 62 122 145 196 190 128 103 33 2 116 175 71 59 178 169 193 166 202 69 102 79 47 6 88 143 58 82 115 149 72 140 84 85 64 70 144 148 158 55 179 14 141 152 49 203 157 13 165 138 182 23 22 96 83 181 42 94 98 32 113 170 99 90 28 171 21 44 68 43 40 164 12 132 73 161 35 195 26 137 177 147 123 65 155 37 160 121 167 45 189 81 76
146 153 185 133 75 41 86 11 131 92 10 77 109 3 89 139 163 112 63 60 118 95 119 51 192 129 111 87 154 106 174 117 27 1 110 97 187 39 200 56 54 159 134 15 101 199 18 204 20 108 172 29 38 176 100 127 93 120 168 188 5 183 142 184 9 130 126 25 57 67 19 78 135 194 17 34 7 61 162 151 125 53 198 201 36 48 52 191 91 114 156 16 150 74 66 104 186 31 124 30 173 136 197 107 80 180 50 24 4 105 46 8 62 122 145 196 190 128 103 33 2 116 175 71 59 178 169 193 166 202 69 102 79 47 6 88 143 58 82 115 149 72 140 84 85 64 70 144 148 158 55 179 14 141 152 49 203 157 13 165 138 182 23 22 96 83 181 42 94 98 32 113 170 99 90 28 171 21 44 68 43 40 164 12 132 73 161 35 195 26 137 177 147 123 65 155 37 160 121 167 45 189 81 76
141 51 173 170 79 201 27 36 70 20 62 107 75 185 68 23 145 172 19 39 65 177 155 127 12 115 24 33 7 139 32 83 50 77 42 159 41 198 142 187 157 181 60 98 129 35 40 105 89 160 44 13 161 86 120 151 192 158 54 117 56 2 109 194 72 164 81 38 74 18 71 130 34 59 47 144 64 80 87 94 69 153 197 93 29 186 114 149 101 183 63 100 156 190 202 73 95 154 108 52 31 49 37 30 168 28 178 171 102 11 90 58 112 6 175 10 189 92 131 99 166 103 119 4 125 118 124 135 9 140 152 48 179 133 169 196 43 128 78 22 66 180 113 116 200 88 122 191 203 76 45 46 61 110 97 55 163 21 126 193 199 91 84 26 147 148 167 188 104 204 15 182 5 123 1 16 96 25 53 146 132 8 57 137 138 67 134 150 14 184 174 85 136 121 195 82 162 165 106 17 3 176 111 143
146 153 185 133 75 41 86 11 131 92 10 77 109 3 89 139 163 112 63 60 118 95 119 51 192 129 111 87 154 106 174 117 27 1 110 97 187 39 200 56 54 159 134 15 101 199 18 204 20 108 172 29 38 176 100 127 93 120 168 188 5 183 142 184 9 130 126 25 57 67 19 78 135 194 17 34 7 61 162 151 125 53 198 201 36 48 52 191 91 114 156 16 150 74 66 104 186 31 124 30 173 136 197 107 80 180 50 24 4 105 46 8 62 122 145 196 190 128 103 33 2 116 175 71 59 178 169 193 166 202 69 102 79 47 6 88 143 58 82 115 149 72 140 84 85 64 70 144 148 158 55 179 14 141 152 49 203 157 13 165 138 182 23 22 96 83 181 42 94 98 32 113 170 99 90 28 171 21 44 68 43 40 164 12 132 73 161 35 195 26 137 177 147 123 65 155 37 160 121 167 45 189 81 76
146 153 185 133 75 41 86 11 131 92 10 77 109 3 89 139 163 112 63 60 118 95 119 51 192 129 111 87 154 106 174 117 27 1 110 97 187 39 200 56 54 159 134 15 101 199 18 204 20 108 172 29 38 176 100 127 93 120 168 188 5 183 142 184 9 130 126 25 57 67 19 78 135 194 17 34 7 61 162 151 125 53 198 201 36 48 52 191 91 114 156 16 150 74 66 104 186 31 124 30 173 136 197 107 80 180 50 24 4 105 46 8 62 122 145 196 190 128 103 33 2 116 175 71 59 178 169 193 166 202 69 102 79 47 6 88 143 58 82 115 149 72 140 84 85 64 70 144 148 158 55 179 14 141 152 49 203 157 13 165 138 182 23 22 96 83 181 42 94 98 32 113 170 99 90 28 171 21 44 68 43 40 164 12 132 73 161 35 195 26 137 177 147 123 65 155 37 160 121 167 45 189 81 76
141 51 173 170 79 201 27 36 70 20 62 107 75 185 68 23 145 172 19 39 65 177 155 127 12 115 24 33 7 139 32 83 50 77 42 159 41 198 142 187 157 181 60 98 129 35 40 105 89 160 44 13 161 86 120 151 192 158 54 117 56 2 109 194 72 164 81 38 74 18 71 130 34 59 47 144 64 80 87 94 69 153 197 93 29 186 114 149 101 183 63 100 156 190 202 73 95 154 108 52 31 49 37 30 168 28 178 171 102 11 90 58 112 6 175 10 189 92 131 99 166 103 119 4 125 118 124 135 9 140 152 48 179 133 169 196 43 128 78 22 66 180 113 116 200 88 122 191 203 76 45 46 61 110 97 55 163 21 126 193 199 91 84 26 147 148 167 188 104 204 15 182 5 123 1 16 96 25 53 146 132 8 57 137 138 67 134 150 14 184 174 85 136 121 195 82 162 165 106 17 3 176 111 143
141 51 173 170 79 201 27 36 70 20 62 107 75 185 68 23 145 172 19 39 65 177 155 127 12 115 24 33 7 139 32 83 50 77 42 159 41 198 142 187 157 181 60 98 129 35 40 105 89 160 44 13 161 86 120 151 192 158 54 117 56 2 109 194 72 164 81 38 74 18 71 130 34 59 47 144 64 80 87 94 69 153 197 93 29 186 114 149 101 183 63 100 156 190 202 73 95 154 108 52 31 49 37 30 168 28 178 171 102 11 90 58 112 6 175 10 189 92 131 99 166 103 119 4 125 118 124 135 9 140 152 48 179 133 169 196 43 128 78 22 66 180 113 116 200 88 122 191 203 76 45 46 61 110 97 55 163 21 126 193 199 91 84 26 147 148 167 188 104 204 15 182 5 123 1 16 96 25 53 146 132 8 57 137 138 67 134 150 14 184 174 85 136 121 195 82 162 165 106 17 3 176 111 143
201 75 67 202 153 63 125 65 79 12 10 99 31 140 160 178 172 187 48 135 154 157 72 105 186 121 133 82 46 149 37 4 131 92 195 38 93 161 94 101 124 96 95 191 49 158 181 204 134 155 85 66 19 42 156 5 18 22 24 70 104 162 115 97 166 132 59 16 108 164 32 137 64 77 89 176 28 174 34 200 143 107 118 190 193 81 51 152 50 128 87 167 180 90 110 102 11 151 109 127 3 106 1 114 61 88 78 45 74 9 100 139 169 122 33 58 173 123 83 47 142 183 8 52 119 25 27 73 129 29 136 57 69 199 148 40 126 198 60 170 111 130 203 20 120 171 194 168 179 117 159 146 26 6 54 163 55 62 80 21 43 7 30 138 197 36 177 184 84 113 17 35 15 39 23 192 53 2 91 13 103 196 175 68 116 165 71 185 189 144 112 98 188 86 147 44 56 14 141 182 76 150 145 41
141 51 173 170 79 201 27 36 70 20 62 107 75 185 68 23 145 172 19 39 65 177 155 127 12 115 24 33 7 139 32 83 50 77 42 159 41 198 142 187 157 181 60 98 129 35 40 105 89 160 44 13 161 86 120 151 192 158 54 117 56 2 109 194 72 164 81 38 74 18 71 130 34 59 47 144 64 80 87 94 69 153 197 93 29 186 114 149 101 183 63 100 156 190 202 73 95 154 108 52 31 49 37 30 168 28 178 171 102 11 90 58 112 6 175 10 189 92 131 99 166 103 119 4 125 118 124 135 9 140 152 48 179 133 169 196 43 128 78 22 66 180 113 116 200 88 122 191 203 76 45 46 61 110 97 55 163 21 126 193 199 91 84 26 147 148 167 188 104 204 15 182 5 123 1 16 96 25 53 146 132 8 57 137 138 67 134 150 14 184 174 85 136 121 195 82 162 165 106 17 3 176 111 143
146 153 185 133 75 41 86 11 131 92 10 77 109 3 89 139 163 112 63 60 118 95 119 51 192 129 111 87 154 106 174 117 27 1 110 97 187 39 200 56 54 159 134 15 101 199 18 204 20 108 172 29 38 176 100 127 93 120 168 188 5 183 142 184 9 130 126 25 57 67 19 78 135 194 17 34 7 61 162 151 125 53 198 201 36 48 52 191 91 114 156 16 150 74 66 104 186 31 124 30 173 136 197 107 80 180 50 24 4 105 46 8 62 122 145 196 190 128 103 33 2 116 175 71 59 178 169 193 166 202 69 102 79 47 6 88 143 58 82 115 149 72 140 84 85 64 70 144 148 158 55 179 14 141 152 49 203 157 13 165 138 182 23 22 96 83 181 42 94 98 32 113 170 99 90 28 171 21 44 68 43 40 164 12 132 73 161 35 195 26 137 177 147 123 65 155 37 160 121 167 45 189 81 76
141 51 173 170 79 201 27 36 70 20 62 107 75 185 68 23 145 172 19 39 65 177 155 127 12 115 24 33 7 139 32 83 50 77 42 159 41 198 142 187 157 181 60 98 129 35 40 105 89 160 44 13 161 86 120 151 192 158 54 117 56 2 109 194 72 164 81 38 74 18 71 130 34 59 47 144 64 80 87 94 69 153 197 93 29 186 114 149 101 183 63 100 156 190 202 73 95 154 108 52 31 49 37 30 168 28 178 171 102 11 90 58 112 6 175 10 189 92 131 99 166 103 119 4 125 118 124 135 9 140 152 48 179 133 169 196 43 128 78 22 66 180 113 116 200 88 122 191 203 76 45 46 61 110 97 55 163 21 126 193 199 91 84 26 147 148 167 188 104 204 15 182 5 123 1 16 96 25 53 146 132 8 57 137 138 67 134 150 14 184 174 85 136 121 195 82 162 165 106 17 3 176 111 143
141 51 173 170 79 201 27 36 70 20 62 107 75 185 68 23 145 172 19 39 65 177 155 127 12 115 24 33 7 139 32 83 50 77 42 159 41 198 142 187 157 181 60 98 129 35 40 105 89 160 44 13 161 86 120 151 192 158 54 117 56 2 109 194 72 164 81 38 74 18 71 130 34 59 47 144 64 80 87 94 69 153 197 93 29 186 114 149 101 183 63 100 156 190 202 73 95 154 108 52 31 49 37 30 168 28 178 171 102 11 90 58 112 6 175 10 189 92 131 99 166 103 119 4 125 118 124 135 9 140 152 48 179 133 169 196 43 128 78 22 66 180 113 116 200 88 122 191 203 76 45 46 61 110 97 55 163 21 126 193 199 91 84 26 147 148 167 188 104 204 15 182 5 123 1 16 96 25 53 146 132 8 57 137 138 67 134 150 14 184 174 85 136 121 195 82 162 165 106 17 3 176 111 143
146 153 185 133 75 41 86 11 131 92 10 77 109 3 89 139 163 112 63 60 118 95 119 51 192 129 111 87 154 106 174 117 27 1 110 97 187 39 200 56 54 159 134 15 101 199 18 204 20 108 172 29 38 176 100 127 93 120 168 188 5 183 142 184 9 130 126 25 57 67 19 78 135 194 17 34 7 61 162 151 125 53 198 201 36 48 52 191 91 114 156 16 150 74 66 104 186 31 124 30 173 136 197 107 80 180 50 24 4 105 46 8 62 122 145 196 190 128 103 33 2 116 175 71 59 178 169 193 166 202 69 102 79 47 6 88 143 58 82 115 149 72 140 84 85 64 70 144 148 158 55 179 14 141 152 49 203 157 13 165 138 182 23 22 96 83 181 42 94 98 32 113 170 99 90 28 171 21 44 68 43 40 164 12 132 73 161 35 195 26 137 177 147 123 65 155 37 160 121 167 45 189 81 76
141 51 173 170 79 201 27 36 70 20 62 107 75 185 68 23 145 172 19 39 65 177 155 127 12 115 24 33 7 139 32 83 50 77 42 159 41 198 142 187 157 181 60 98 129 35 40 105 89 160 44 13 161 86 120 151 192 158 54 117 56 2 109 194 72 164 81 38 74 18 71 130 34 59 47 144 64 80 87 94 69 153 197 93 29 186 114 149 101 183 63 100 156 190 202 73 95 154 108 52 31 49 37 30 168 28 178 171 102 11 90 58 112 6 175 10 189 92 131 99 166 103 119 4 125 118 124 135 9 140 152 48 179 133 169 196 43 128 78 22 66 180 113 116 200 88 122 191 203 76 45 46 61 110 97 55 163 21 126 193 199 91 84 26 147 148 167 188 104 204 15 182 5 123 1 16 96 25 53 146 132 8 57 137 138 67 134 150 14 184 174 85 136 121 195 82 162 165 106 17 3 176 111 143
141 51 173 170 79 201 27 36 70 20 62 107 75 185 68 23 145 172 19 39 65 177 155 127 12 115 24 33 7 139 32 83 50 77 42 159 41 198 142 187 157 181 60 98 129 35 40 105 89 160 44 13 161 86 120 151 192 158 54 117 56 2 109 194 72 164 81 38 74 18 71 130 34 59 47 144 64 80 87 94 69 153 197 93 29 186 114 149 101 183 63 100 156 190 202 73 95 154 108 52 31 49 37 30 168 28 178 171 102 11 90 58 112 6 175 10 189 92 131 99 166 103 119 4 125 118 124 135 9 140 152 48 179 133 169 196 43 128 78 22 66 180 113 116 200 88 122 191 203 76 45 46 61 110 97 55 163 21 126 193 199 91 84 26 147 148 167 188 104 204 15 182 5 123 1 16 96 25 53 146 132 8 57 137 138 67 134 150 14 184 174 85 136 121 195 82 162 165 106 17 3 176 111 143
201 75 67 202 153 63 125 65 79 12 10 99 31 140 160 178 172 187 48 135 154 157 72 105 186 121 133 82 46 149 37 4 131 92 195 38 93 161 94 101 124 96 95 191 49 158 181 204 134 155 85 66 19 42 156 5 18 22 24 70 104 162 115 97 166 132 59 16 108 164 32 137 64 77 89 176 28 174 34 200 143 107 118 190 193 81 51 152 50 128 87 167 180 90 110 102 11 151 109 127 3 106 1 114 61 88 78 45 74 9 100 139 169 122 33 58 173 123 83 47 142 183 8 52 119 25 27 73 129 29 136 57 69 199 148 40 126 198 60 170 111 130 203 20 120 171 194 168 179 117 159 146 26 6 54 163 55 62 80 21 43 7 30 138 197 36 177 184 84 113 17 35 15 39 23 192 53 2 91 13 103 196 175 68 116 165 71 185 189 144 112 98 188 86 147 44 56 14 141 182 76 150 145 41
146 153 185 133 75 41 86 11 131 92 10 77 109 3 89 139 163 112 63 60 118 95 119 51 192 129 111 87 154 106 174 117 27 1 110 97 187 39 200 56 54 159 134 15 101 199 18 204 20 108 172 29 38 176 100 127 93 120 168 188 5 183 142 184 9 130 126 25 57 67 19 78 135 194 17 34 7 61 162 151 125 53 198 201 36 48 52 191 91 114 156 16 150 74 66 104 186 31 124 30 173 136 197 107 80 180 50 24 4 105 46 8 62 122 145 196 190 128 103 33 2 116 175 71 59 178 169 193 166 202 69 102 79 47 6 88 143 58 82 115 149 72 140 84 85 64 70 144 148 158 55 179 14 141 152 49 203 157 13 165 138 182 23 22 96 83 181 42 94 98 32 113 170 99 90 28 171 21 44 68 43 40 164 12 132 73 161 35 195 26 137 177 147 123 65 155 37 160 121 167 45 189 81 76
201 75 67 202 153 63 125 65 79 12 10 99 31 140 160 178 172 187 48 135 154 157 72 105 186 121 133 82 46 149 37 4 131 92 195 38 93 161 94 101 124 96 95 191 49 158 181 204 134 155 85 66 19 42 156 5 18 22 24 70 104 162 115 97 166 132 59 16 108 164 32 137 64 77 89 176 28 174 34 200 143 107 118 190 193 81 51 152 50 128 87 167 180 90 110 102 11 151 109 127 3 106 1 114 61 88 78 45 74 9 100 139 169 122 33 58 173 123 83 47 142 183 8 52 119 25 27 73 129 29 136 57 69 199 148 40 126 198 60 170 111 130 203 20 120 171 194 168 179 117 159 146 26 6 54 163 55 62 80 21 43 7 30 138 197 36 177 184 84 113 17 35 15 39 23 192 53 2 91 13 103 196 175 68 116 165 71 185 189 144 112 98 188 86 147 44 56 14 141 182 76 150 145 41
146 153 185 133 75 41 86 11 131 92 10 77 109 3 89 139 163 112 63 60 118 95 119 51 192 129 111 87 154 106 174 117 27 1 110 97 187 39 200 56 54 159 134 15 101 199 18 204 20 108 172 29 38 176 100 127 93 120 168 188 5 183 142 184 9 130 126 25 57 67 19 78 135 194 17 34 7 61 162 151 125 53 198 201 36 48 52 191 91 114 156 16 150 74 66 104 186 31 124 30 173 136 197 107 80 180 50 24 4 105 46 8 62 122 145 196 190 128 103 33 2 116 175 71 59 178 169 193 166 202 69 102 79 47 6 88 143 58 82 115 149 72 140 84 85 64 70 144 148 158 55 179 14 141 152 49 203 157 13 165 138 182 23 22 96 83 181 42 94 98 32 113 170 99 90 28 171 21 44 68 43 40 164 12 132 73 161 35 195 26 137 177 147 123 65 155 37 160 121 167 45 189 81 76
146 153 185 133 75 41 86 11 131 92 10 77 109 3 89 139 163 112 63 60 118 95 119 51 192 129 111 87 154 106 174 117 27 1 110 97 187 39 200 56 54 159 134 15 101 199 18 204 20 108 172 29 38 176 100 127 93 120 168 188 5 183 142 184 9 130 126 25 57 67 19 78 135 194 17 34 7 61 162 151 125 53 198 201 36 48 52 191 91 114 156 16 150 74 66 104 186 31 124 30 173 136 197 107 80 180 50 24 4 105 46 8 62 122 145 196 190 128 103 33 2 116 175 71 59 178 169 193 166 202 69 102 79 47 6 88 143 58 82 115 149 72 140 84 85 64 70 144 148 158 55 179 14 141 152 49 203 157 13 165 138 182 23 22 96 83 181 42 94 98 32 113 170 99 90 28 171 21 44 68 43 40 164 12 132 73 161 35 195 26 137 177 147 123 65 155 37 160 121 167 45 189 81 76
141 51 173 170 79 201 27 36 70 20 62 107 75 185 68 23 145 172 19 39 65 177 155 127 12 115 24 33 7 139 32 83 50 77 42 159 41 198 142 187 157 181 60 98 129 35 40 105 89 160 44 13 161 86 120 151 192 158 54 117 56 2 109 194 72 164 81 38 74 18 71 130 34 59 47 144 64 80 87 94 69 153 197 93 29 186 114 149 101 183 63 100 156 190 202 73 95 154 108 52 31 49 37 30 168 28 178 171 102 11 90 58 112 6 175 10 189 92 131 99 166 103 119 4 125 118 124 135 9 140 152 48 179 133 169 196 43 128 78 22 66 180 113 116 200 88 122 191 203 76 45 46 61 110 97 55 163 21 126 193 199 91 84 26 147 148 167 188 104 204 15 182 5 123 1 16 96 25 53 146 132 8 57 137 138 67 134 150 14 184 174 85 136 121 195 82 162 165 106 17 3 176 111 143
146 153 185 133 75 41 86 11 131 92 10 77 109 3 89 139 163 112 63 60 118 95 119 51 192 129 111 87 154 106 174 117 27 1 110 97 187 39 200 56 54 159 134 15 101 199 18 204 20 108 172 29 38 176 100 127 93 120 168 188 5 183 142 184 9 130 126 25 57 67 19 78 135 194 17 34 7 61 162 151 125 53 198 201 36 48 52 191 91 114 156 16 150 74 66 104 186 31 124 30 173 136 197 107 80 180 50 24 4 105 46 8 62 122 145 196 190 128 103 33 2 116 175 71 59 178 169 193 166 202 69 102 79 47 6 88 143 58 82 115 149 72 140 84 85 64 70 144 148 158 55 179 14 141 152 49 203 157 13 165 138 182 23 22 96 83 181 42 94 98 32 113 170 99 90 28 171 21 44 68 43 40 164 12 132 73 161 35 195 26 137 177 147 123 65 155 37 160 121 167 45 189 81 76
141 51 173 170 79 201 27 36 70 20 62 107 75 185 68 23 145 172 19 39 65 177 155 127 12 115 24 33 7 139 32 83 50 77 42 159 41 198 142 187 157 181 60 98 129 35 40 105 89 160 44 13 161 86 120 151 192 158 54 117 56 2 109 194 72 164 81 38 74 18 71 130 34 59 47 144 64 80 87 94 69 153 197 93 29 186 114 149 101 183 63 100 156 190 202 73 95 154 108 52 31 49 37 30 168 28 178 171 102 11 90 58 112 6 175 10 189 92 131 99 166 103 119 4 125 118 124 135 9 140 152 48 179 133 169 196 43 128 78 22 66 180 113 116 200 88 122 191 203 76 45 46 61 110 97 55 163 21 126 193 199 91 84 26 147 148 167 188 104 204 15 182 5 123 1 16 96 25 53 146 132 8 57 137 138 67 134 150 14 184 174 85 136 121 195 82 162 165 106 17 3 176 111 143
201 75 67 202 153 63 125 65 79 12 10 99 31 140 160 178 172 187 48 135 154 157 72 105 186 121 133 82 46 149 37 4 131 92 195 38 93 161 94 101 124 96 95 191 49 158 181 204 134 155 85 66 19 42 156 5 18 22 24 70 104 162 115 97 166 132 59 16 108 164 32 137 64 77 89 176 28 174 34 200 143 107 118 190 193 81 51 152 50 128 87 167 180 90 110 102 11 151 109 127 3 106 1 114 61 88 78 45 74 9 100 139 169 122 33 58 173 123 83 47 142 183 8 52 119 25 27 73 129 29 136 57 69 199 148 40 126 198 60 170 111 130 203 20 120 171 194 168 179 117 159 146 26 6 54 163 55 62 80 21 43 7 30 138 197 36 177 184 84 113 17 35 15 39 23 192 53 2 91 13 103 196 175 68 116 165 71 185 189 144 112 98 188 86 147 44 56 14 141 182 76 150 145 41
201 75 67 202 153 63 125 65 79 12 10 99 31 140 160 178 172 187 48 135 154 157 72 105 186 121 133 82 46 149 37 4 131 92 195 38 93 161 94 101 124 96 95 191 49 158 181 204 134 155 85 66 19 42 156 5 18 22 24 70 104 162 115 97 166 132 59 16 108 164 32 137 64 77 89 176 28 174 34 200 143 107 118 190 193 81 51 152 50 128 87 167 180 90 110 102 11 151 109 127 3 106 1 114 61 88 78 45 74 9 100 139 169 122 33 58 173 123 83 47 142 183 8 52 119 25 27 73 129 29 136 57 69 199 148 40 126 198 60 170 111 130 203 20 120 171 194 168 179 117 159 146 26 6 54 163 55 62 80 21 43 7 30 138 197 36 177 184 84 113 17 35 15 39 23 192 53 2 91 13 103 196 175 68 116 165 71 185 189 144 112 98 188 86 147 44 56 14 141 182 76 150 145 41
141 51 173 170 79 201 27 36 70 20 62 107 75 185 68 23 145 172 19 39 65 177 155 127 12 115 24 33 7 139 32 83 50 77 42 159 41 198 142 187 157 181 60 98 129 35 40 105 89 160 44 13 161 86 120 151 192 158 54 117 56 2 109 194 72 164 81 38 74 18 71 130 34 59 47 144 64 80 87 94 69 153 197 93 29 186 114 149 101 183 63 100 156 190 202 73 95 154 108 52 31 49 37 30 168 28 178 171 102 11 90 58 112 6 175 10 189 92 131 99 166 103 119 4 125 118 124 135 9 140 152 48 179 133 169 196 43 128 78 22 66 180 113 116 200 88 122 191 203 76 45 46 61 110 97 55 163 21 126 193 199 91 84 26 147 148 167 188 104 204 15 182 5 123 1 16 96 25 53 146 132 8 57 137 138 67 134 150 14 184 174 85 136 121 195 82 162 165 106 17 3 176 111 143
141 51 173 170 79 201 27 36 70 20 62 107 75 185 68 23 145 172 19 39 65 177 155 127 12 115 24 33 7 139 32 83 50 77 42 159 41 198 142 187 157 181 60 98 129 35 40 105 89 160 44 13 161 86 120 151 192 158 54 117 56 2 109 194 72 164 81 38 74 18 71 130 34 59 47 144 64 80 87 94 69 153 197 93 29 186 114 149 101 183 63 100 156 190 202 73 95 154 108 52 31 49 37 30 168 28 178 171 102 11 90 58 112 6 175 10 189 92 131 99 166 103 119 4 125 118 124 135 9 140 152 48 179 133 169 196 43 128 78 22 66 180 113 116 200 88 122 191 203 76 45 46 61 110 97 55 163 21 126 193 199 91 84 26 147 148 167 188 104 204 15 182 5 123 1 16 96 25 53 146 132 8 57 137 138 67 134 150 14 184 174 85 136 121 195 82 162 165 106 17 3 176 111 143
141 51 173 170 79 201 27 36 70 20 62 107 75 185 68 23 145 172 19 39 65 177 155 127 12 115 24 33 7 139 32 83 50 77 42 159 41 198 142 187 157 181 60 98 129 35 40 105 89 160 44 13 161 86 120 151 192 158 54 117 56 2 109 194 72 164 81 38 74 18 71 130 34 59 47 144 64 80 87 94 69 153 197 93 29 186 114 149 101 183 63 100 156 190 202 73 95 154 108 52 31 49 37 30 168 28 178 171 102 11 90 58 112 6 175 10 189 92 131 99 166 103 119 4 125 118 124 135 9 140 152 48 179 133 169 196 43 128 78 22 66 180 113 116 200 88 122 191 203 76 45 46 61 110 97 55 163 21 126 193 199 91 84 26 147 148 167 188 104 204 15 182 5 123 1 16 96 25 53 146 132 8 57 137 138 67 134 150 14 184 174 85 136 121 195 82 162 165 106 17 3 176 111 143
141 51 173 170 79 201 27 36 70 20 62 107 75 185 68 23 145 172 19 39 65 177 155 127 12 115 24 33 7 139 32 83 50 77 42 159 41 198 142 187 157 181 60 98 129 35 40 105 89 160 44 13 161 86 120 151 192 158 54 117 56 2 109 194 72 164 81 38 74 18 71 130 34 59 47 144 64 80 87 94 69 153 197 93 29 186 114 149 101 183 63 100 156 190 202 73 95 154 108 52 31 49 37 30 168 28 178 171 102 11 90 58 112 6 175 10 189 92 131 99 166 103 119 4 125 118 124 135 9 140 152 48 179 133 169 196 43 128 78 22 66 180 113 116 200 88 122 191 203 76 45 46 61 110 97 55 163 21 126 193 199 91 84 26 147 148 167 188 104 204 15 182 5 123 1 16 96 25 53 146 132 8 57 137 138 67 134 150 14 184 174 85 136 121 195 82 162 165 106 17 3 176 111 143
201 75 67 202 153 63 125 65 79 12 10 99 31 140 160 178 172 187 48 135 154 157 72 105 186 121 133 82 46 149 37 4 131 92 195 38 93 161 94 101 124 96 95 191 49 158 181 204 134 155 85 66 19 42 156 5 18 22 24 70 104 162 115 97 166 132 59 16 108 164 32 137 64 77 89 176 28 174 34 200 143 107 118 190 193 81 51 152 50 128 87 167 180 90 110 102 11 151 109 127 3 106 1 114 61 88 78 45 74 9 100 139 169 122 33 58 173 123 83 47 142 183 8 52 119 25 27 73 129 29 136 57 69 199 148 40 126 198 60 170 111 130 203 20 120 171 194 168 179 117 159 146 26 6 54 163 55 62 80 21 43 7 30 138 197 36 177 184 84 113 17 35 15 39 23 192 53 2 91 13 103 196 175 68 116 165 71 185 189 144 112 98 188 86 147 44 56 14 141 182 76 150 145 41
201 75 67 202 153 63 125 65 79 12 10 99 31 140 160 178 172 187 48 135 154 157 72 105 186 121 133 82 46 149 37 4 131 92 195 38 93 161 94 101 124 96 95 191 49 158 181 204 134 155 85 66 19 42 156 5 18 22 24 70 104 162 115 97 166 132 59 16 108 164 32 137 64 77 89 176 28 174 34 200 143 107 118 190 193 81 51 152 50 128 87 167 180 90 110 102 11 151 109 127 3 106 1 114 61 88 78 45 74 9 100 139 169 122 33 58 173 123 83 47 142 183 8 52 119 25 27 73 129 29 136 57 69 199 148 40 126 198 60 170 111 130 203 20 120 171 194 168 179 117 159 146 26 6 54 163 55 62 80 21 43 7 30 138 197 36 177 184 84 113 17 35 15 39 23 192 53 2 91 13 103 196 175 68 116 165 71 185 189 144 112 98 188 86 147 44 56 14 141 182 76 150 145 41
141 51 173 170 79 201 27 36 70 20 62 107 75 185 68 23 145 172 19 39 65 177 155 127 12 115 24 33 7 139 32 83 50 77 42 159 41 198 142 187 157 181 60 98 129 35 40 105 89 160 44 13 161 86 120 151 192 158 54 117 56 2 109 194 72 164 81 38 74 18 71 130 34 59 47 144 64 80 87 94 69 153 197 93 29 186 114 149 101 183 63 100 156 190 202 73 95 154 108 52 31 49 37 30 168 28 178 171 102 11 90 58 112 6 175 10 189 92 131 99 166 103 119 4 125 118 124 135 9 140 152 48 179 133 169 196 43 128 78 22 66 180 113 116 200 88 122 191 203 76 45 46 61 110 97 55 163 21 126 193 199 91 84 26 147 148 167 188 104 204 15 182 5 123 1 16 96 25 53 146 132 8 57 137 138 67 134 150 14 184 174 85 136 121 195 82 162 165 106 17 3 176 111 143
141 51 173 170 79 201 27 36 70 20 62 107 75 185 68 23 145 172 19 39 65 177 155 127 12 115 24 33 7 139 32 83 50 77 42 159 41 198 142 187 157 181 60 98 129 35 40 105 89 160 44 13 161 86 120 151 192 158 54 117 56 2 109 194 72 164 81 38 74 18 71 130 34 59 47 144 64 80 87 94 69 153 197 93 29 186 114 149 101 183 63 100 156 190 202 73 95 154 108 52 31 49 37 30 168 28 178 171 102 11 90 58 112 6 175 10 189 92 131 99 166 103 119 4 125 118 124 135 9 140 152 48 179 133 169 196 43 128 78 22 66 180 113 116 200 88 122 191 203 76 45 46 61 110 97 55 163 21 126 193 199 91 84 26 147 148 167 188 104 204 15 182 5 123 1 16 96 25 53 146 132 8 57 137 138 67 134 150 14 184 174 85 136 121 195 82 162 165 106 17 3 176 111 143
146 153 185 133 75 41 86 11 131 92 10 77 109 3 89 139 163 112 63 60 118 95 119 51 192 129 111 87 154 106 174 117 27 1 110 97 187 39 200 56 54 159 134 15 101 199 18 204 20 108 172 29 38 176 100 127 93 120 168 188 5 183 142 184 9 130 126 25 57 67 19 78 135 194 17 34 7 61 162 151 125 53 198 201 36 48 52 191 91 114 156 16 150 74 66 104 186 31 124 30 173 136 197 107 80 180 50 24 4 105 46 8 62 122 145 196 190 128 103 33 2 116 175 71 59 178 169 193 166 202 69 102 79 47 6 88 143 58 82 115 149 72 140 84 85 64 70 144 148 158 55 179 14 141 152 49 203 157 13 165 138 182 23 22 96 83 181 42 94 98 32 113 170 99 90 28 171 21 44 68 43 40 164 12 132 73 161 35 195 26 137 177 147 123 65 155 37 160 121 167 45 189 81 76
146 153 185 133 75 41 86 11 131 92 10 77 109 3 89 139 163 112 63 60 118 95 119 51 192 129 111 87 154 106 174 117 27 1 110 97 187 39 200 56 54 159 134 15 101 199 18 204 20 108 172 29 38 176 100 127 93 120 168 188 5 183 142 184 9 130 126 25 57 67 19 78 135 194 17 34 7 61 162 151 125 53 198 201 36 48 52 191 91 114 156 16 150 74 66 104 186 31 124 30 173 136 197 107 80 180 50 24 4 105 46 8 62 122 145 196 190 128 103 33 2 116 175 71 59 178 169 193 166 202 69 102 79 47 6 88 143 58 82 115 149 72 140 84 85 64 70 144 148 158 55 179 14 141 152 49 203 157 13 165 138 182 23 22 96 83 181 42 94 98 32 113 170 99 90 28 171 21 44 68 43 40 164 12 132 73 161 35 195 26 137 177 147 123 65 155 37 160 121 167 45 189 81 76
141 51 173 170 79 201 27 36 70 20 62 107 75 185 68 23 145 172 19 39 65 177 155 127 12 115 24 33 7 139 32 83 50 77 42 159 41 198 142 187 157 181 60 98 129 35 40 105 89 160 44 13 161 86 120 151 192 158 54 117 56 2 109 194 72 164 81 38 74 18 71 130 34 59 47 144 64 80 87 94 69 153 197 93 29 186 114 149 101 183 63 100 156 190 202 73 95 154 108 52 31 49 37 30 168 28 178 171 102 11 90 58 112 6 175 10 189 92 131 99 166 103 119 4 125 118 124 135 9 140 152 48 179 133 169 196 43 128 78 22 66 180 113 116 200 88 122 191 203 76 45 46 61 110 97 55 163 21 126 193 199 91 84 26 147 148 167 188 104 204 15 182 5 123 1 16 96 25 53 146 132 8 57 137 138 67 134 150 14 184 174 85 136 121 195 82 162 165 106 17 3 176 111 143
141 51 173 170 79 201 27 36 70 20 62 107 75 185 68 23 145 172 19 39 65 177 155 127 12 115 24 33 7 139 32 83 50 77 42 159 41 198 142 187 157 181 60 98 129 35 40 105 89 160 44 13 161 86 120 151 192 158 54 117 56 2 109 194 72 164 81 38 74 18 71 130 34 59 47 144 64 80 87 94 69 153 197 93 29 186 114 149 101 183 63 100 156 190 202 73 95 154 108 52 31 49 37 30 168 28 178 171 102 11 90 58 112 6 175 10 189 92 131 99 166 103 119 4 125 118 124 135 9 140 152 48 179 133 169 196 43 128 78 22 66 180 113 116 200 88 122 191 203 76 45 46 61 110 97 55 163 21 126 193 199 91 84 26 147 148 167 188 104 204 15 182 5 123 1 16 96 25 53 146 132 8 57 137 138 67 134 150 14 184 174 85 136 121 195 82 162 165 106 17 3 176 111 143
146 153 185 133 75 41 86 11 131 92 10 77 109 3 89 139 163 112 63 60 118 95 119 51 192 129 111 87 154 106 174 117 27 1 110 97 187 39 200 56 54 159 134 15 101 199 18 204 20 108 172 29 38 176 100 127 93 120 168 188 5 183 142 184 9 130 126 25 57 67 19 78 135 194 17 34 7 61 162 151 125 53 198 201 36 48 52 191 91 114 156 16 150 74 66 104 186 31 124 30 173 136 197 107 80 180 50 24 4 105 46 8 62 122 145 196 190 128 103 33 2 116 175 71 59 178 169 193 166 202 69 102 79 47 6 88 143 58 82 115 149 72 140 84 85 64 70 144 148 158 55 179 14 141 152 49 203 157 13 165 138 182 23 22 96 83 181 42 94 98 32 113 170 99 90 28 171 21 44 68 43 40 164 12 132 73 161 35 195 26 137 177 147 123 65 155 37 160 121 167 45 189 81 76
146 153 185 133 75 41 86 11 131 92 10 77 109 3 89 139 163 112 63 60 118 95 119 51 192 129 111 87 154 106 174 117 27 1 110 97 187 39 200 56 54 159 134 15 101 199 18 204 20 108 172 29 38 176 100 127 93 120 168 188 5 183 142 184 9 130 126 25 57 67 19 78 135 194 17 34 7 61 162 151 125 53 198 201 36 48 52 191 91 114 156 16 150 74 66 104 186 31 124 30 173 136 197 107 80 180 50 24 4 105 46 8 62 122 145 196 190 128 103 33 2 116 175 71 59 178 169 193 166 202 69 102 79 47 6 88 143 58 82 115 149 72 140 84 85 64 70 144 148 158 55 179 14 141 152 49 203 157 13 165 138 182 23 22 96 83 181 42 94 98 32 113 170 99 90 28 171 21 44 68 43 40 164 12 132 73 161 35 195 26 137 177 147 123 65 155 37 160 121 167 45 189 81 76
141 51 173 170 79 201 27 36 70 20 62 107 75 185 68 23 145 172 19 39 65 177 155 127 12 115 24 33 7 139 32 83 50 77 42 159 41 198 142 187 157 181 60 98 129 35 40 105 89 160 44 13 161 86 120 151 192 158 54 117 56 2 109 194 72 164 81 38 74 18 71 130 34 59 47 144 64 80 87 94 69 153 197 93 29 186 114 149 101 183 63 100 156 190 202 73 95 154 108 52 31 49 37 30 168 28 178 171 102 11 90 58 112 6 175 10 189 92 131 99 166 103 119 4 125 118 124 135 9 140 152 48 179 133 169 196 43 128 78 22 66 180 113 116 200 88 122 191 203 76 45 46 61 110 97 55 163 21 126 193 199 91 84 26 147 148 167 188 104 204 15 182 5 123 1 16 96 25 53 146 132 8 57 137 138 67 134 150 14 184 174 85 136 121 195 82 162 165 106 17 3 176 111 143
201 75 67 202 153 63 125 65 79 12 10 99 31 140 160 178 172 187 48 135 154 157 72 105 186 121 133 82 46 149 37 4 131 92 195 38 93 161 94 101 124 96 95 191 49 158 181 204 134 155 85 66 19 42 156 5 18 22 24 70 104 162 115 97 166 132 59 16 108 164 32 137 64 77 89 176 28 174 34 200 143 107 118 190 193 81 51 152 50 128 87 167 180 90 110 102 11 151 109 127 3 106 1 114 61 88 78 45 74 9 100 139 169 122 33 58 173 123 83 47 142 183 8 52 119 25 27 73 129 29 136 57 69 199 148 40 126 198 60 170 111 130 203 20 120 171 194 168 179 117 159 146 26 6 54 163 55 62 80 21 43 7 30 138 197 36 177 184 84 113 17 35 15 39 23 192 53 2 91 13 103 196 175 68 116 165 71 185 189 144 112 98 188 86 147 44 56 14 141 182 76 150 145 41
201 75 67 202 153 63 125 65 79 12 10 99 31 140 160 178 172 187 48 135 154 157 72 105 186 121 133 82 46 149 37 4 131 92 195 38 93 161 94 101 124 96 95 191 49 158 181 204 134 155 85 66 19 42 156 5 18 22 24 70 104 162 115 97 166 132 59 16 108 164 32 137 64 77 89 176 28 174 34 200 143 107 118 190 193 81 51 152 50 128 87 167 180 90 110 102 11 151 109 127 3 106 1 114 61 88 78 45 74 9 100 139 169 122 33 58 173 123 83 47 142 183 8 52 119 25 27 73 129 29 136 57 69 199 148 40 126 198 60 170 111 130 203 20 120 171 194 168 179 117 159 146 26 6 54 163 55 62 80 21 43 7 30 138 197 36 177 184 84 113 17 35 15 39 23 192 53 2 91 13 103 196 175 68 116 165 71 185 189 144 112 98 188 86 147 44 56 14 141 182 76 150 145 41
141 51 173 170 79 201 27 36 70 20 62 107 75 185 68 23 145 172 19 39 65 177 155 127 12 115 24 33 7 139 32 83 50 77 42 159 41 198 142 187 157 181 60 98 129 35 40 105 89 160 44 13 161 86 120 151 192 158 54 117 56 2 109 194 72 164 81 38 74 18 71 130 34 59 47 144 64 80 87 94 69 153 197 93 29 186 114 149 101 183 63 100 156 190 202 73 95 154 108 52 31 49 37 30 168 28 178 171 102 11 90 58 112 6 175 10 189 92 131 99 166 103 119 4 125 118 124 135 9 140 152 48 179 133 169 196 43 128 78 22 66 180 113 116 200 88 122 191 203 76 45 46 61 110 97 55 163 21 126 193 199 91 84 26 147 148 167 188 104 204 15 182 5 123 1 16 96 25 53 146 132 8 57 137 138 67 134 150 14 184 174 85 136 121 195 82 162 165 106 17 3 176 111 143
201 75 67 202 153 63 125 65 79 12 10 99 31 140 160 178 172 187 48 135 154 157 72 105 186 121 133 82 46 149 37 4 131 92 195 38 93 161 94 101 124 96 95 191 49 158 181 204 134 155 85 66 19 42 156 5 18 22 24 70 104 162 115 97 166 132 59 16 108 164 32 137 64 77 89 176 28 174 34 200 143 107 118 190 193 81 51 152 50 128 87 167 180 90 110 102 11 151 109 127 3 106 1 114 61 88 78 45 74 9 100 139 169 122 33 58 173 123 83 47 142 183 8 52 119 25 27 73 129 29 136 57 69 199 148 40 126 198 60 170 111 130 203 20 120 171 194 168 179 117 159 146 26 6 54 163 55 62 80 21 43 7 30 138 197 36 177 184 84 113 17 35 15 39 23 192 53 2 91 13 103 196 175 68 116 165 71 185 189 144 112 98 188 86 147 44 56 14 141 182 76 150 145 41
201 75 67 202 153 63 125 65 79 12 10 99 31 140 160 178 172 187 48 135 154 157 72 105 186 121 133 82 46 149 37 4 131 92 195 38 93 161 94 101 124 96 95 191 49 158 181 204 134 155 85 66 19 42 156 5 18 22 24 70 104 162 115 97 166 132 59 16 108 164 32 137 64 77 89 176 28 174 34 200 143 107 118 190 193 81 51 152 50 128 87 167 180 90 110 102 11 151 109 127 3 106 1 114 61 88 78 45 74 9 100 139 169 122 33 58 173 123 83 47 142 183 8 52 119 25 27 73 129 29 136 57 69 199 148 40 126 198 60 170 111 130 203 20 120 171 194 168 179 117 159 146 26 6 54 163 55 62 80 21 43 7 30 138 197 36 177 184 84 113 17 35 15 39 23 192 53 2 91 13 103 196 175 68 116 165 71 185 189 144 112 98 188 86 147 44 56 14 141 182 76 150 145 41
146 153 185 133 75 41 86 11 131 92 10 77 109 3 89 139 163 112 63 60 118 95 119 51 192 129 111 87 154 106 174 117 27 1 110 97 187 39 200 56 54 159 134 15 101 199 18 204 20 108 172 29 38 176 100 127 93 120 168 188 5 183 142 184 9 130 126 25 57 67 19 78 135 194 17 34 7 61 162 151 125 53 198 201 36 48 52 191 91 114 156 16 150 74 66 104 186 31 124 30 173 136 197 107 80 180 50 24 4 105 46 8 62 122 145 196 190 128 103 33 2 116 175 71 59 178 169 193 166 202 69 102 79 47 6 88 143 58 82 115 149 72 140 84 85 64 70 144 148 158 55 179 14 141 152 49 203 157 13 165 138 182 23 22 96 83 181 42 94 98 32 113 170 99 90 28 171 21 44 68 43 40 164 12 132 73 161 35 195 26 137 177 147 123 65 155 37 160 121 167 45 189 81 76
141 51 173 170 79 201 27 36 70 20 62 107 75 185 68 23 145 172 19 39 65 177 155 127 12 115 24 33 7 139 32 83 50 77 42 159 41 198 142 187 157 181 60 98 129 35 40 105 89 160 44 13 161 86 120 151 192 158 54 117 56 2 109 194 72 164 81 38 74 18 71 130 34 59 47 144 64 80 87 94 69 153 197 93 29 186 114 149 101 183 63 100 156 190 202 73 95 154 108 52 31 49 37 30 168 28 178 171 102 11 90 58 112 6 175 10 189 92 131 99 166 103 119 4 125 118 124 135 9 140 152 48 179 133 169 196 43 128 78 22 66 180 113 116 200 88 122 191 203 76 45 46 61 110 97 55 163 21 126 193 199 91 84 26 147 148 167 188 104 204 15 182 5 123 1 16 96 25 53 146 132 8 57 137 138 67 134 150 14 184 174 85 136 121 195 82 162 165 106 17 3 176 111 143
146 153 185 133 75 41 86 11 131 92 10 77 109 3 89 139 163 112 63 60 118 95 119 51 192 129 111 87 154 106 174 117 27 1 110 97 187 39 200 56 54 159 134 15 101 199 18 204 20 108 172 29 38 176 100 127 93 120 168 188 5 183 142 184 9 130 126 25 57 67 19 78 135 194 17 34 7 61 162 151 125 53 198 201 36 48 52 191 91 114 156 16 150 74 66 104 186 31 124 30 173 136 197 107 80 180 50 24 4 105 46 8 62 122 145 196 190 128 103 33 2 116 175 71 59 178 169 193 166 202 69 102 79 47 6 88 143 58 82 115 149 72 140 84 85 64 70 144 148 158 55 179 14 141 152 49 203 157 13 165 138 182 23 22 96 83 181 42 94 98 32 113 170 99 90 28 171 21 44 68 43 40 164 12 132 73 161 35 195 26 137 177 147 123 65 155 37 160 121 167 45 189 81 76
146 153 185 133 75 41 86 11 131 92 10 77 109 3 89 139 163 112 63 60 118 95 119 51 192 129 111 87 154 106 174 117 27 1 110 97 187 39 200 56 54 159 134 15 101 199 18 204 20 108 172 29 38 176 100 127 93 120 168 188 5 183 142 184 9 130 126 25 57 67 19 78 135 194 17 34 7 61 162 151 125 53 198 201 36 48 52 191 91 114 156 16 150 74 66 104 186 31 124 30 173 136 197 107 80 180 50 24 4 105 46 8 62 122 145 196 190 128 103 33 2 116 175 71 59 178 169 193 166 202 69 102 79 47 6 88 143 58 82 115 149 72 140 84 85 64 70 144 148 158 55 179 14 141 152 49 203 157 13 165 138 182 23 22 96 83 181 42 94 98 32 113 170 99 90 28 171 21 44 68 43 40 164 12 132 73 161 35 195 26 137 177 147 123 65 155 37 160 121 167 45 189 81 76
146 153 185 133 75 41 86 11 131 92 10 77 109 3 89 139 163 112 63 60 118 95 119 51 192 129 111 87 154 106 174 117 27 1 110 97 187 39 200 56 54 159 134 15 101 199 18 204 20 108 172 29 38 176 100 127 93 120 168 188 5 183 142 184 9 130 126 25 57 67 19 78 135 194 17 34 7 61 162 151 125 53 198 201 36 48 52 191 91 114 156 16 150 74 66 104 186 31 124 30 173 136 197 107 80 180 50 24 4 105 46 8 62 122 145 196 190 128 103 33 2 116 175 71 59 178 169 193 166 202 69 102 79 47 6 88 143 58 82 115 149 72 140 84 85 64 70 144 148 158 55 179 14 141 152 49 203 157 13 165 138 182 23 22 96 83 181 42 94 98 32 113 170 99 90 28 171 21 44 68 43 40 164 12 132 73 161 35 195 26 137 177 147 123 65 155 37 160 121 167 45 189 81 76
201 75 67 202 153 63 125 65 79 12 10 99 31 140 160 178 172 187 48 135 154 157 72 105 186 121 133 82 46 149 37 4 131 92 195 38 93 161 94 101 124 96 95 191 49 158 181 204 134 155 85 66 19 42 156 5 18 22 24 70 104 162 115 97 166 132 59 16 108 164 32 137 64 77 89 176 28 174 34 200 143 107 118 190 193 81 51 152 50 128 87 167 180 90 110 102 11 151 109 127 3 106 1 114 61 88 78 45 74 9 100 139 169 122 33 58 173 123 83 47 142 183 8 52 119 25 27 73 129 29 136 57 69 199 148 40 126 198 60 170 111 130 203 20 120 171 194 168 179 117 159 146 26 6 54 163 55 62 80 21 43 7 30 138 197 36 177 184 84 113 17 35 15 39 23 192 53 2 91 13 103 196 175 68 116 165 71 185 189 144 112 98 188 86 147 44 56 14 141 182 76 150 145 41
146 153 185 133 75 41 86 11 131 92 10 77 109 3 89 139 163 112 63 60 118 95 119 51 192 129 111 87 154 106 174 117 27 1 110 97 187 39 200 56 54 159 134 15 101 199 18 204 20 108 172 29 38 176 100 127 93 120 168 188 5 183 142 184 9 130 126 25 57 67 19 78 135 194 17 34 7 61 162 151 125 53 198 201 36 48 52 191 91 114 156 16 150 74 66 104 186 31 124 30 173 136 197 107 80 180 50 24 4 105 46 8 62 122 145 196 190 128 103 33 2 116 175 71 59 178 169 193 166 202 69 102 79 47 6 88 143 58 82 115 149 72 140 84 85 64 70 144 148 158 55 179 14 141 152 49 203 157 13 165 138 182 23 22 96 83 181 42 94 98 32 113 170 99 90 28 171 21 44 68 43 40 164 12 132 73 161 35 195 26 137 177 147 123 65 155 37 160 121 167 45 189 81 76
146 153 185 133 75 41 86 11 131 92 10 77 109 3 89 139 163 112 63 60 118 95 119 51 192 129 111 87 154 106 174 117 27 1 110 97 187 39 200 56 54 159 134 15 101 199 18 204 20 108 172 29 38 176 100 127 93 120 168 188 5 183 142 184 9 130 126 25 57 67 19 78 135 194 17 34 7 61 162 151 125 53 198 201 36 48 52 191 91 114 156 16 150 74 66 104 186 31 124 30 173 136 197 107 80 180 50 24 4 105 46 8 62 122 145 196 190 128 103 33 2 116 175 71 59 178 169 193 166 202 69 102 79 47 6 88 143 58 82 115 149 72 140 84 85 64 70 144 148 158 55 179 14 141 152 49 203 157 13 165 138 182 23 22 96 83 181 42 94 98 32 113 170 99 90 28 171 21 44 68 43 40 164 12 132 73 161 35 195 26 137 177 147 123 65 155 37 160 121 167 45 189 81 76
146 153 185 133 75 41 86 11 131 92 10 77 109 3 89 139 163 112 63 60 118 95 119 51 192 129 111 87 154 106 174 117 27 1 110 97 187 39 200 56 54 159 134 15 101 199 18 204 20 108 172 29 38 176 100 127 93 120 168 188 5 183 142 184 9 130 126 25 57 67 19 78 135 194 17 34 7 61 162 151 125 53 198 201 36 48 52 191 91 114 156 16 150 74 66 104 186 31 124 30 173 136 197 107 80 180 50 24 4 105 46 8 62 122 145 196 190 128 103 33 2 116 175 71 59 178 169 193 166 202 69 102 79 47 6 88 143 58 82 115 149 72 140 84 85 64 70 144 148 158 55 179 14 141 152 49 203 157 13 165 138 182 23 22 96 83 181 42 94 98 32 113 170 99 90 28 171 21 44 68 43 40 164 12 132 73 161 35 195 26 137 177 147 123 65 155 37 160 121 167 45 189 81 76
201 75 67 202 153 63 125 65 79 12 10 99 31 140 160 178 172 187 48 135 154 157 72 105 186 121 133 82 46 149 37 4 131 92 195 38 93 161 94 101 124 96 95 191 49 158 181 204 134 155 85 66 19 42 156 5 18 22 24 70 104 162 115 97 166 132 59 16 108 164 32 137 64 77 89 176 28 174 34 200 143 107 118 190 193 81 51 152 50 128 87 167 180 90 110 102 11 151 109 127 3 106 1 114 61 88 78 45 74 9 100 139 169 122 33 58 173 123 83 47 142 183 8 52 119 25 27 73 129 29 136 57 69 199 148 40 126 198 60 170 111 130 203 20 120 171 194 168 179 117 159 146 26 6 54 163 55 62 80 21 43 7 30 138 197 36 177 184 84 113 17 35 15 39 23 192 53 2 91 13 103 196 175 68 116 165 71 185 189 144 112 98 188 86 147 44 56 14 141 182 76 150 145 41
141 51 173 170 79 201 27 36 70 20 62 107 75 185 68 23 145 172 19 39 65 177 155 127 12 115 24 33 7 139 32 83 50 77 42 159 41 198 142 187 157 181 60 98 129 35 40 105 89 160 44 13 161 86 120 151 192 158 54 117 56 2 109 194 72 164 81 38 74 18 71 130 34 59 47 144 64 80 87 94 69 153 197 93 29 186 114 149 101 183 63 100 156 190 202 73 95 154 108 52 31 49 37 30 168 28 178 171 102 11 90 58 112 6 175 10 189 92 131 99 166 103 119 4 125 118 124 135 9 140 152 48 179 133 169 196 43 128 78 22 66 180 113 116 200 88 122 191 203 76 45 46 61 110 97 55 163 21 126 193 199 91 84 26 147 148 167 188 104 204 15 182 5 123 1 16 96 25 53 146 132 8 57 137 138 67 134 150 14 184 174 85 136 121 195 82 162 165 106 17 3 176 111 143
141 51 173 170 79 201 27 36 70 20 62 107 75 185 68 23 145 172 19 39 65 177 155 127 12 115 24 33 7 139 32 83 50 77 42 159 41 198 142 187 157 181 60 98 129 35 40 105 89 160 44 13 161 86 120 151 192 158 54 117 56 2 109 194 72 164 81 38 74 18 71 130 34 59 47 144 64 80 87 94 69 153 197 93 29 186 114 149 101 183 63 100 156 190 202 73 95 154 108 52 31 49 37 30 168 28 178 171 102 11 90 58 112 6 175 10 189 92 131 99 166 103 119 4 125 118 124 135 9 140 152 48 179 133 169 196 43 128 78 22 66 180 113 116 200 88 122 191 203 76 45 46 61 110 97 55 163 21 126 193 199 91 84 26 147 148 167 188 104 204 15 182 5 123 1 16 96 25 53 146 132 8 57 137 138 67 134 150 14 184 174 85 136 121 195 82 162 165 106 17 3 176 111 143
141 51 173 170 79 201 27 36 70 20 62 107 75 185 68 23 145 172 19 39 65 177 155 127 12 115 24 33 7 139 32 83 50 77 42 159 41 198 142 187 157 181 60 98 129 35 40 105 89 160 44 13 161 86 120 151 192 158 54 117 56 2 109 194 72 164 81 38 74 18 71 130 34 59 47 144 64 80 87 94 69 153 197 93 29 186 114 149 101 183 63 100 156 190 202 73 95 154 108 52 31 49 37 30 168 28 178 171 102 11 90 58 112 6 175 10 189 92 131 99 166 103 119 4 125 118 124 135 9 140 152 48 179 133 169 196 43 128 78 22 66 180 113 116 200 88 122 191 203 76 45 46 61 110 97 55 163 21 126 193 199 91 84 26 147 148 167 188 104 204 15 182 5 123 1 16 96 25 53 146 132 8 57 137 138 67 134 150 14 184 174 85 136 121 195 82 162 165 106 17 3 176 111 143
146 153 185 133 75 41 86 11 131 92 10 77 109 3 89 139 163 112 63 60 118 95 119 51 192 129 111 87 154 106 174 117 27 1 110 97 187 39 200 56 54 159 134 15 101 199 18 204 20 108 172 29 38 176 100 127 93 120 168 188 5 183 142 184 9 130 126 25 57 67 19 78 135 194 17 34 7 61 162 151 125 53 198 201 36 48 52 191 91 114 156 16 150 74 66 104 186 31 124 30 173 136 197 107 80 180 50 24 4 105 46 8 62 122 145 196 190 128 103 33 2 116 175 71 59 178 169 193 166 202 69 102 79 47 6 88 143 58 82 115 149 72 140 84 85 64 70 144 148 158 55 179 14 141 152 49 203 157 13 165 138 182 23 22 96 83 181 42 94 98 32 113 170 99 90 28 171 21 44 68 43 40 164 12 132 73 161 35 195 26 137 177 147 123 65 155 37 160 121 167 45 189 81 76
141 51 173 170 79 201 27 36 70 20 62 107 75 185 68 23 145 172 19 39 65 177 155 127 12 115 24 33 7 139 32 83 50 77 42 159 41 198 142 187 157 181 60 98 129 35 40 105 89 160 44 13 161 86 120 151 192 158 54 117 56 2 109 194 72 164 81 38 74 18 71 130 34 59 47 144 64 80 87 94 69 153 197 93 29 186 114 149 101 183 63 100 156 190 202 73 95 154 108 52 31 49 37 30 168 28 178 171 102 11 90 58 112 6 175 10 189 92 131 99 166 103 119 4 125 118 124 135 9 140 152 48 179 133 169 196 43 128 78 22 66 180 113 116 200 88 122 191 203 76 45 46 61 110 97 55 163 21 126 193 199 91 84 26 147 148 167 188 104 204 15 182 5 123 1 16 96 25 53 146 132 8 57 137 138 67 134 150 14 184 174 85 136 121 195 82 162 165 106 17 3 176 111 143
141 51 173 170 79 201 27 36 70 20 62 107 75 185 68 23 145 172 19 39 65 177 155 127 12 115 24 33 7 139 32 83 50 77 42 159 41 198 142 187 157 181 60 98 129 35 40 105 89 160 44 13 161 86 120 151 192 158 54 117 56 2 109 194 72 164 81 38 74 18 71 130 34 59 47 144 64 80 87 94 69 153 197 93 29 186 114 149 101 183 63 100 156 190 202 73 95 154 108 52 31 49 37 30 168 28 178 171 102 11 90 58 112 6 175 10 189 92 131 99 166 103 119 4 125 118 124 135 9 140 152 48 179 133 169 196 43 128 78 22 66 180 113 116 200 88 122 191 203 76 45 46 61 110 97 55 163 21 126 193 199 91 84 26 147 148 167 188 104 204 15 182 5 123 1 16 96 25 53 146 132 8 57 137 138 67 134 150 14 184 174 85 136 121 195 82 162 165 106 17 3 176 111 143
201 75 67 202 153 63 125 65 79 12 10 99 31 140 160 178 172 187 48 135 154 157 72 105 186 121 133 82 46 149 37 4 131 92 195 38 93 161 94 101 124 96 95 191 49 158 181 204 134 155 85 66 19 42 156 5 18 22 24 70 104 162 115 97 166 132 59 16 108 164 32 137 64 77 89 176 28 174 34 200 143 107 118 190 193 81 51 152 50 128 87 167 180 90 110 102 11 151 109 127 3 106 1 114 61 88 78 45 74 9 100 139 169 122 33 58 173 123 83 47 142 183 8 52 119 25 27 73 129 29 136 57 69 199 148 40 126 198 60 170 111 130 203 20 120 171 194 168 179 117 159 146 26 6 54 163 55 62 80 21 43 7 30 138 197 36 177 184 84 113 17 35 15 39 23 192 53 2 91 13 103 196 175 68 116 165 71 185 189 144 112 98 188 86 147 44 56 14 141 182 76 150 145 41
141 51 173 170 79 201 27 36 70 20 62 107 75 185 68 23 145 172 19 39 65 177 155 127 12 115 24 33 7 139 32 83 50 77 42 159 41 198 142 187 157 181 60 98 129 35 40 105 89 160 44 13 161 86 120 151 192 158 54 117 56 2 109 194 72 164 81 38 74 18 71 130 34 59 47 144 64 80 87 94 69 153 197 93 29 186 114 149 101 183 63 100 156 190 202 73 95 154 108 52 31 49 37 30 168 28 178 171 102 11 90 58 112 6 175 10 189 92 131 99 166 103 119 4 125 118 124 135 9 140 152 48 179 133 169 196 43 128 78 22 66 180 113 116 200 88 122 191 203 76 45 46 61 110 97 55 163 21 126 193 199 91 84 26 147 148 167 188 104 204 15 182 5 123 1 16 96 25 53 146 132 8 57 137 138 67 134 150 14 184 174 85 136 121 195 82 162 165 106 17 3 176 111 143
146 153 185 133 75 41 86 11 131 92 10 77 109 3 89 139 163 112 63 60 118 95 119 51 192 129 111 87 154 106 174 117 27 1 110 97 187 39 200 56 54 159 134 15 101 199 18 204 20 108 172 29 38 176 100 127 93 120 168 188 5 183 142 184 9 130 126 25 57 67 19 78 135 194 17 34 7 61 162 151 125 53 198 201 36 48 52 191 91 114 156 16 150 74 66 104 186 31 124 30 173 136 197 107 80 180 50 24 4 105 46 8 62 122 145 196 190 128 103 33 2 116 175 71 59 178 169 193 166 202 69 102 79 47 6 88 143 58 82 115 149 72 140 84 85 64 70 144 148 158 55 179 14 141 152 49 203 157 13 165 138 182 23 22 96 83 181 42 94 98 32 113 170 99 90 28 171 21 44 68 43 40 164 12 132 73 161 35 195 26 137 177 147 123 65 155 37 160 121 167 45 189 81 76
146 153 185 133 75 41 86 11 131 92 10 77 109 3 89 139 163 112 63 60 118 95 119 51 192 129 111 87 154 106 174 117 27 1 110 97 187 39 200 56 54 159 134 15 101 199 18 204 20 108 172 29 38 176 100 127 93 120 168 188 5 183 142 184 9 130 126 25 57 67 19 78 135 194 17 34 7 61 162 151 125 53 198 201 36 48 52 191 91 114 156 16 150 74 66 104 186 31 124 30 173 136 197 107 80 180 50 24 4 105 46 8 62 122 145 196 190 128 103 33 2 116 175 71 59 178 169 193 166 202 69 102 79 47 6 88 143 58 82 115 149 72 140 84 85 64 70 144 148 158 55 179 14 141 152 49 203 157 13 165 138 182 23 22 96 83 181 42 94 98 32 113 170 99 90 28 171 21 44 68 43 40 164 12 132 73 161 35 195 26 137 177 147 123 65 155 37 160 121 167 45 189 81 76
146 153 185 133 75 41 86 11 131 92 10 77 109 3 89 139 163 112 63 60 118 95 119 51 192 129 111 87 154 106 174 117 27 1 110 97 187 39 200 56 54 159 134 15 101 199 18 204 20 108 172 29 38 176 100 127 93 120 168 188 5 183 142 184 9 130 126 25 57 67 19 78 135 194 17 34 7 61 162 151 125 53 198 201 36 48 52 191 91 114 156 16 150 74 66 104 186 31 124 30 173 136 197 107 80 180 50 24 4 105 46 8 62 122 145 196 190 128 103 33 2 116 175 71 59 178 169 193 166 202 69 102 79 47 6 88 143 58 82 115 149 72 140 84 85 64 70 144 148 158 55 179 14 141 152 49 203 157 13 165 138 182 23 22 96 83 181 42 94 98 32 113 170 99 90 28 171 21 44 68 43 40 164 12 132 73 161 35 195 26 137 177 147 123 65 155 37 160 121 167 45 189 81 76
141 51 173 170 79 201 27 36 70 20 62 107 75 185 68 23 145 172 19 39 65 177 155 127 12 115 24 33 7 139 32 83 50 77 42 159 41 198 142 187 157 181 60 98 129 35 40 105 89 160 44 13 161 86 120 151 192 158 54 117 56 2 109 194 72 164 81 38 74 18 71 130 34 59 47 144 64 80 87 94 69 153 197 93 29 186 114 149 101 183 63 100 156 190 202 73 95 154 108 52 31 49 37 30 168 28 178 171 102 11 90 58 112 6 175 10 189 92 131 99 166 103 119 4 125 118 124 135 9 140 152 48 179 133 169 196 43 128 78 22 66 180 113 116 200 88 122 191 203 76 45 46 61 110 97 55 163 21 126 193 199 91 84 26 147 148 167 188 104 204 15 182 5 123 1 16 96 25 53 146 132 8 57 137 138 67 134 150 14 184 174 85 136 121 195 82 162 165 106 17 3 176 111 143
141 51 173 170 79 201 27 36 70 20 62 107 75 185 68 23 145 172 19 39 65 177 155 127 12 115 24 33 7 139 32 83 50 77 42 159 41 198 142 187 157 181 60 98 129 35 40 105 89 160 44 13 161 86 120 151 192 158 54 117 56 2 109 194 72 164 81 38 74 18 71 130 34 59 47 144 64 80 87 94 69 153 197 93 29 186 114 149 101 183 63 100 156 190 202 73 95 154 108 52 31 49 37 30 168 28 178 171 102 11 90 58 112 6 175 10 189 92 131 99 166 103 119 4 125 118 124 135 9 140 152 48 179 133 169 196 43 128 78 22 66 180 113 116 200 88 122 191 203 76 45 46 61 110 97 55 163 21 126 193 199 91 84 26 147 148 167 188 104 204 15 182 5 123 1 16 96 25 53 146 132 8 57 137 138 67 134 150 14 184 174 85 136 121 195 82 162 165 106 17 3 176 111 143
141 51 173 170 79 201 27 36 70 20 62 107 75 185 68 23 145 172 19 39 65 177 155 127 12 115 24 33 7 139 32 83 50 77 42 159 41 198 142 187 157 181 60 98 129 35 40 105 89 160 44 13 161 86 120 151 192 158 54 117 56 2 109 194 72 164 81 38 74 18 71 130 34 59 47 144 64 80 87 94 69 153 197 93 29 186 114 149 101 183 63 100 156 190 202 73 95 154 108 52 31 49 37 30 168 28 178 171 102 11 90 58 112 6 175 10 189 92 131 99 166 103 119 4 125 118 124 135 9 140 152 48 179 133 169 196 43 128 78 22 66 180 113 116 200 88 122 191 203 76 45 46 61 110 97 55 163 21 126 193 199 91 84 26 147 148 167 188 104 204 15 182 5 123 1 16 96 25 53 146 132 8 57 137 138 67 134 150 14 184 174 85 136 121 195 82 162 165 106 17 3 176 111 143
201 75 67 202 153 63 125 65 79 12 10 99 31 140 160 178 172 187 48 135 154 157 72 105 186 121 133 82 46 149 37 4 131 92 195 38 93 161 94 101 124 96 95 191 49 158 181 204 134 155 85 66 19 42 156 5 18 22 24 70 104 162 115 97 166 132 59 16 108 164 32 137 64 77 89 176 28 174 34 200 143 107 118 190 193 81 51 152 50 128 87 167 180 90 110 102 11 151 109 127 3 106 1 114 61 88 78 45 74 9 100 139 169 122 33 58 173 123 83 47 142 183 8 52 119 25 27 73 129 29 136 57 69 199 148 40 126 198 60 170 111 130 203 20 120 171 194 168 179 117 159 146 26 6 54 163 55 62 80 21 43 7 30 138 197 36 177 184 84 113 17 35 15 39 23 192 53 2 91 13 103 196 175 68 116 165 71 185 189 144 112 98 188 86 147 44 56 14 141 182 76 150 145 41
141 51 173 170 79 201 27 36 70 20 62 107 75 185 68 23 145 172 19 39 65 177 155 127 12 115 24 33 7 139 32 83 50 77 42 159 41 198 142 187 157 181 60 98 129 35 40 105 89 160 44 13 161 86 120 151 192 158 54 117 56 2 109 194 72 164 81 38 74 18 71 130 34 59 47 144 64 80 87 94 69 153 197 93 29 186 114 149 101 183 63 100 156 190 202 73 95 154 108 52 31 49 37 30 168 28 178 171 102 11 90 58 112 6 175 10 189 92 131 99 166 103 119 4 125 118 124 135 9 140 152 48 179 133 169 196 43 128 78 22 66 180 113 116 200 88 122 191 203 76 45 46 61 110 97 55 163 21 126 193 199 91 84 26 147 148 167 188 104 204 15 182 5 123 1 16 96 25 53 146 132 8 57 137 138 67 134 150 14 184 174 85 136 121 195 82 162 165 106 17 3 176 111 143
201 75 67 202 153 63 125 65 79 12 10 99 31 140 160 178 172 187 48 135 154 157 72 105 186 121 133 82 46 149 37 4 131 92 195 38 93 161 94 101 124 96 95 191 49 158 181 204 134 155 85 66 19 42 156 5 18 22 24 70 104 162 115 97 166 132 59 16 108 164 32 137 64 77 89 176 28 174 34 200 143 107 118 190 193 81 51 152 50 128 87 167 180 90 110 102 11 151 109 127 3 106 1 114 61 88 78 45 74 9 100 139 169 122 33 58 173 123 83 47 142 183 8 52 119 25 27 73 129 29 136 57 69 199 148 40 126 198 60 170 111 130 203 20 120 171 194 168 179 117 159 146 26 6 54 163 55 62 80 21 43 7 30 138 197 36 177 184 84 113 17 35 15 39 23 192 53 2 91 13 103 196 175 68 116 165 71 185 189 144 112 98 188 86 147 44 56 14 141 182 76 150 145 41
201 75 67 202 153 63 125 65 79 12 10 99 31 140 160 178 172 187 48 135 154 157 72 105 186 121 133 82 46 149 37 4 131 92 195 38 93 161 94 101 124 96 95 191 49 158 181 204 134 155 85 66 19 42 156 5 18 22 24 70 104 162 115 97 166 132 59 16 108 164 32 137 64 77 89 176 28 174 34 200 143 107 118 190 193 81 51 152 50 128 87 167 180 90 110 102 11 151 109 127 3 106 1 114 61 88 78 45 74 9 100 139 169 122 33 58 173 123 83 47 142 183 8 52 119 25 27 73 129 29 136 57 69 199 148 40 126 198 60 170 111 130 203 20 120 171 194 168 179 117 159 146 26 6 54 163 55 62 80 21 43 7 30 138 197 36 177 184 84 113 17 35 15 39 23 192 53 2 91 13 103 196 175 68 116 165 71 185 189 144 112 98 188 86 147 44 56 14 141 182 76 150 145 41
141 51 173 170 79 201 27 36 70 20 62 107 75 185 68 23 145 172 19 39 65 177 155 127 12 115 24 33 7 139 32 83 50 77 42 159 41 198 142 187 157 181 60 98 129 35 40 105 89 160 44 13 161 86 120 151 192 158 54 117 56 2 109 194 72 164 81 38 74 18 71 130 34 59 47 144 64 80 87 94 69 153 197 93 29 186 114 149 101 183 63 100 156 190 202 73 95 154 108 52 31 49 37 30 168 28 178 171 102 11 90 58 112 6 175 10 189 92 131 99 166 103 119 4 125 118 124 135 9 140 152 48 179 133 169 196 43 128 78 22 66 180 113 116 200 88 122 191 203 76 45 46 61 110 97 55 163 21 126 193 199 91 84 26 147 148 167 188 104 204 15 182 5 123 1 16 96 25 53 146 132 8 57 137 138 67 134 150 14 184 174 85 136 121 195 82 162 165 106 17 3 176 111 143
141 51 173 170 79 201 27 36 70 20 62 107 75 185 68 23 145 172 19 39 65 177 155 127 12 115 24 33 7 139 32 83 50 77 42 159 41 198 142 187 157 181 60 98 129 35 40 105 89 160 44 13 161 86 120 151 192 158 54 117 56 2 109 194 72 164 81 38 74 18 71 130 34 59 47 144 64 80 87 94 69 153 197 93 29 186 114 149 101 183 63 100 156 190 202 73 95 154 108 52 31 49 37 30 168 28 178 171 102 11 90 58 112 6 175 10 189 92 131 99 166 103 119 4 125 118 124 135 9 140 152 48 179 133 169 196 43 128 78 22 66 180 113 116 200 88 122 191 203 76 45 46 61 110 97 55 163 21 126 193 199 91 84 26 147 148 167 188 104 204 15 182 5 123 1 16 96 25 53 146 132 8 57 137 138 67 134 150 14 184 174 85 136 121 195 82 162 165 106 17 3 176 111 143
141 51 173 170 79 201 27 36 70 20 62 107 75 185 68 23 145 172 19 39 65 177 155 127 12 115 24 33 7 139 32 83 50 77 42 159 41 198 142 187 157 181 60 98 129 35 40 105 89 160 44 13 161 86 120 151 192 158 54 117 56 2 109 194 72 164 81 38 74 18 71 130 34 59 47 144 64 80 87 94 69 153 197 93 29 186 114 149 101 183 63 100 156 190 202 73 95 154 108 52 31 49 37 30 168 28 178 171 102 11 90 58 112 6 175 10 189 92 131 99 166 103 119 4 125 118 124 135 9 140 152 48 179 133 169 196 43 128 78 22 66 180 113 116 200 88 122 191 203 76 45 46 61 110 97 55 163 21 126 193 199 91 84 26 147 148 167 188 104 204 15 182 5 123 1 16 96 25 53 146 132 8 57 137 138 67 134 150 14 184 174 85 136 121 195 82 162 165 106 17 3 176 111 143
201 75 67 202 153 63 125 65 79 12 10 99 31 140 160 178 172 187 48 135 154 157 72 105 186 121 133 82 46 149 37 4 131 92 195 38 93 161 94 101 124 96 95 191 49 158 181 204 134 155 85 66 19 42 156 5 18 22 24 70 104 162 115 97 166 132 59 16 108 164 32 137 64 77 89 176 28 174 34 200 143 107 118 190 193 81 51 152 50 128 87 167 180 90 110 102 11 151 109 127 3 106 1 114 61 88 78 45 74 9 100 139 169 122 33 58 173 123 83 47 142 183 8 52 119 25 27 73 129 29 136 57 69 199 148 40 126 198 60 170 111 130 203 20 120 171 194 168 179 117 159 146 26 6 54 163 55 62 80 21 43 7 30 138 197 36 177 184 84 113 17 35 15 39 23 192 53 2 91 13 103 196 175 68 116 165 71 185 189 144 112 98 188 86 147 44 56 14 141 182 76 150 145 41
201 75 67 202 153 63 125 65 79 12 10 99 31 140 160 178 172 187 48 135 154 157 72 105 186 121 133 82 46 149 37 4 131 92 195 38 93 161 94 101 124 96 95 191 49 158 181 204 134 155 85 66 19 42 156 5 18 22 24 70 104 162 115 97 166 132 59 16 108 164 32 137 64 77 89 176 28 174 34 200 143 107 118 190 193 81 51 152 50 128 87 167 180 90 110 102 11 151 109 127 3 106 1 114 61 88 78 45 74 9 100 139 169 122 33 58 173 123 83 47 142 183 8 52 119 25 27 73 129 29 136 57 69 199 148 40 126 198 60 170 111 130 203 20 120 171 194 168 179 117 159 146 26 6 54 163 55 62 80 21 43 7 30 138 197 36 177 184 84 113 17 35 15 39 23 192 53 2 91 13 103 196 175 68 116 165 71 185 189 144 112 98 188 86 147 44 56 14 141 182 76 150 145 41
201 75 67 202 153 63 125 65 79 12 10 99 31 140 160 178 172 187 48 135 154 157 72 105 186 121 133 82 46 149 37 4 131 92 195 38 93 161 94 101 124 96 95 191 49 158 181 204 134 155 85 66 19 42 156 5 18 22 24 70 104 162 115 97 166 132 59 16 108 164 32 137 64 77 89 176 28 174 34 200 143 107 118 190 193 81 51 152 50 128 87 167 180 90 110 102 11 151 109 127 3 106 1 114 61 88 78 45 74 9 100 139 169 122 33 58 173 123 83 47 142 183 8 52 119 25 27 73 129 29 136 57 69 199 148 40 126 198 60 170 111 130 203 20 120 171 194 168 179 117 159 146 26 6 54 163 55 62 80 21 43 7 30 138 197 36 177 184 84 113 17 35 15 39 23 192 53 2 91 13 103 196 175 68 116 165 71 185 189 144 112 98 188 86 147 44 56 14 141 182 76 150 145 41
141 51 173 170 79 201 27 36 70 20 62 107 75 185 68 23 145 172 19 39 65 177 155 127 12 115 24 33 7 139 32 83 50 77 42 159 41 198 142 187 157 181 60 98 129 35 40 105 89 160 44 13 161 86 120 151 192 158 54 117 56 2 109 194 72 164 81 38 74 18 71 130 34 59 47 144 64 80 87 94 69 153 197 93 29 186 114 149 101 183 63 100 156 190 202 73 95 154 108 52 31 49 37 30 168 28 178 171 102 11 90 58 112 6 175 10 189 92 131 99 166 103 119 4 125 118 124 135 9 140 152 48 179 133 169 196 43 128 78 22 66 180 113 116 200 88 122 191 203 76 45 46 61 110 97 55 163 21 126 193 199 91 84 26 147 148 167 188 104 204 15 182 5 123 1 16 96 25 53 146 132 8 57 137 138 67 134 150 14 184 174 85 136 121 195 82 162 165 106 17 3 176 111 143
201 75 67 202 153 63 125 65 79 12 10 99 31 140 160 178 172 187 48 135 154 157 72 105 186 121 133 82 46 149 37 4 131 92 195 38 93 161 94 101 124 96 95 191 49 158 181 204 134 155 85 66 19 42 156 5 18 22 24 70 104 162 115 97 166 132 59 16 108 164 32 137 64 77 89 176 28 174 34 200 143 107 118 190 193 81 51 152 50 128 87 167 180 90 110 102 11 151 109 127 3 106 1 114 61 88 78 45 74 9 100 139 169 122 33 58 173 123 83 47 142 183 8 52 119 25 27 73 129 29 136 57 69 199 148 40 126 198 60 170 111 130 203 20 120 171 194 168 179 117 159 146 26 6 54 163 55 62 80 21 43 7 30 138 197 36 177 184 84 113 17 35 15 39 23 192 53 2 91 13 103 196 175 68 116 165 71 185 189 144 112 98 188 86 147 44 56 14 141 182 76 150 145 41
146 153 185 133 75 41 86 11 131 92 10 77 109 3 89 139 163 112 63 60 118 95 119 51 192 129 111 87 154 106 174 117 27 1 110 97 187 39 200 56 54 159 134 15 101 199 18 204 20 108 172 29 38 176 100 127 93 120 168 188 5 183 142 184 9 130 126 25 57 67 19 78 135 194 17 34 7 61 162 151 125 53 198 201 36 48 52 191 91 114 156 16 150 74 66 104 186 31 124 30 173 136 197 107 80 180 50 24 4 105 46 8 62 122 145 196 190 128 103 33 2 116 175 71 59 178 169 193 166 202 69 102 79 47 6 88 143 58 82 115 149 72 140 84 85 64 70 144 148 158 55 179 14 141 152 49 203 157 13 165 138 182 23 22 96 83 181 42 94 98 32 113 170 99 90 28 171 21 44 68 43 40 164 12 132 73 161 35 195 26 137 177 147 123 65 155 37 160 121 167 45 189 81 76
146 153 185 133 75 41 86 11 131 92 10 77 109 3 89 139 163 112 63 60 118 95 119 51 192 129 111 87 154 106 174 117 27 1 110 97 187 39 200 56 54 159 134 15 101 199 18 204 20 108 172 29 38 176 100 127 93 120 168 188 5 183 142 184 9 130 126 25 57 67 19 78 135 194 17 34 7 61 162 151 125 53 198 201 36 48 52 191 91 114 156 16 150 74 66 104 186 31 124 30 173 136 197 107 80 180 50 24 4 105 46 8 62 122 145 196 190 128 103 33 2 116 175 71 59 178 169 193 166 202 69 102 79 47 6 88 143 58 82 115 149 72 140 84 85 64 70 144 148 158 55 179 14 141 152 49 203 157 13 165 138 182 23 22 96 83 181 42 94 98 32 113 170 99 90 28 171 21 44 68 43 40 164 12 132 73 161 35 195 26 137 177 147 123 65 155 37 160 121 167 45 189 81 76
146 153 185 133 75 41 86 11 131 92 10 77 109 3 89 139 163 112 63 60 118 95 119 51 192 129 111 87 154 106 174 117 27 1 110 97 187 39 200 56 54 159 134 15 101 199 18 204 20 108 172 29 38 176 100 127 93 120 168 188 5 183 142 184 9 130 126 25 57 67 19 78 135 194 17 34 7 61 162 151 125 53 198 201 36 48 52 191 91 114 156 16 150 74 66 104 186 31 124 30 173 136 197 107 80 180 50 24 4 105 46 8 62 122 145 196 190 128 103 33 2 116 175 71 59 178 169 193 166 202 69 102 79 47 6 88 143 58 82 115 149 72 140 84 85 64 70 144 148 158 55 179 14 141 152 49 203 157 13 165 138 182 23 22 96 83 181 42 94 98 32 113 170 99 90 28 171 21 44 68 43 40 164 12 132 73 161 35 195 26 137 177 147 123 65 155 37 160 121 167 45 189 81 76
201 75 67 202 153 63 125 65 79 12 10 99 31 140 160 178 172 187 48 135 154 157 72 105 186 121 133 82 46 149 37 4 131 92 195 38 93 161 94 101 124 96 95 191 49 158 181 204 134 155 85 66 19 42 156 5 18 22 24 70 104 162 115 97 166 132 59 16 108 164 32 137 64 77 89 176 28 174 34 200 143 107 118 190 193 81 51 152 50 128 87 167 180 90 110 102 11 151 109 127 3 106 1 114 61 88 78 45 74 9 100 139 169 122 33 58 173 123 83 47 142 183 8 52 119 25 27 73 129 29 136 57 69 199 148 40 126 198 60 170 111 130 203 20 120 171 194 168 179 117 159 146 26 6 54 163 55 62 80 21 43 7 30 138 197 36 177 184 84 113 17 35 15 39 23 192 53 2 91 13 103 196 175 68 116 165 71 185 189 144 112 98 188 86 147 44 56 14 141 182 76 150 145 41
201 75 67 202 153 63 125 65 79 12 10 99 31 140 160 178 172 187 48 135 154 157 72 105 186 121 133 82 46 149 37 4 131 92 195 38 93 161 94 101 124 96 95 191 49 158 181 204 134 155 85 66 19 42 156 5 18 22 24 70 104 162 115 97 166 132 59 16 108 164 32 137 64 77 89 176 28 174 34 200 143 107 118 190 193 81 51 152 50 128 87 167 180 90 110 102 11 151 109 127 3 106 1 114 61 88 78 45 74 9 100 139 169 122 33 58 173 123 83 47 142 183 8 52 119 25 27 73 129 29 136 57 69 199 148 40 126 198 60 170 111 130 203 20 120 171 194 168 179 117 159 146 26 6 54 163 55 62 80 21 43 7 30 138 197 36 177 184 84 113 17 35 15 39 23 192 53 2 91 13 103 196 175 68 116 165 71 185 189 144 112 98 188 86 147 44 56 14 141 182 76 150 145 41
146 153 185 133 75 41 86 11 131 92 10 77 109 3 89 139 163 112 63 60 118 95 119 51 192 129 111 87 154 106 174 117 27 1 110 97 187 39 200 56 54 159 134 15 101 199 18 204 20 108 172 29 38 176 100 127 93 120 168 188 5 183 142 184 9 130 126 25 57 67 19 78 135 194 17 34 7 61 162 151 125 53 198 201 36 48 52 191 91 114 156 16 150 74 66 104 186 31 124 30 173 136 197 107 80 180 50 24 4 105 46 8 62 122 145 196 190 128 103 33 2 116 175 71 59 178 169 193 166 202 69 102 79 47 6 88 143 58 82 115 149 72 140 84 85 64 70 144 148 158 55 179 14 141 152 49 203 157 13 165 138 182 23 22 96 83 181 42 94 98 32 113 170 99 90 28 171 21 44 68 43 40 164 12 132 73 161 35 195 26 137 177 147 123 65 155 37 160 121 167 45 189 81 76
141 51 173 170 79 201 27 36 70 20 62 107 75 185 68 23 145 172 19 39 65 177 155 127 12 115 24 33 7 139 32 83 50 77 42 159 41 198 142 187 157 181 60 98 129 35 40 105 89 160 44 13 161 86 120 151 192 158 54 117 56 2 109 194 72 164 81 38 74 18 71 130 34 59 47 144 64 80 87 94 69 153 197 93 29 186 114 149 101 183 63 100 156 190 202 73 95 154 108 52 31 49 37 30 168 28 178 171 102 11 90 58 112 6 175 10 189 92 131 99 166 103 119 4 125 118 124 135 9 140 152 48 179 133 169 196 43 128 78 22 66 180 113 116 200 88 122 191 203 76 45 46 61 110 97 55 163 21 126 193 199 91 84 26 147 148 167 188 104 204 15 182 5 123 1 16 96 25 53 146 132 8 57 137 138 67 134 150 14 184 174 85 136 121 195 82 162 165 106 17 3 176 111 143
141 51 173 170 79 201 27 36 70 20 62 107 75 185 68 23 145 172 19 39 65 177 155 127 12 115 24 33 7 139 32 83 50 77 42 159 41 198 142 187 157 181 60 98 129 35 40 105 89 160 44 13 161 86 120 151 192 158 54 117 56 2 109 194 72 164 81 38 74 18 71 130 34 59 47 144 64 80 87 94 69 153 197 93 29 186 114 149 101 183 63 100 156 190 202 73 95 154 108 52 31 49 37 30 168 28 178 171 102 11 90 58 112 6 175 10 189 92 131 99 166 103 119 4 125 118 124 135 9 140 152 48 179 133 169 196 43 128 78 22 66 180 113 116 200 88 122 191 203 76 45 46 61 110 97 55 163 21 126 193 199 91 84 26 147 148 167 188 104 204 15 182 5 123 1 16 96 25 53 146 132 8 57 137 138 67 134 150 14 184 174 85 136 121 195 82 162 165 106 17 3 176 111 143
141 51 173 170 79 201 27 36 70 20 62 107 75 185 68 23 145 172 19 39 65 177 155 127 12 115 24 33 7 139 32 83 50 77 42 159 41 198 142 187 157 181 60 98 129 35 40 105 89 160 44 13 161 86 120 151 192 158 54 117 56 2 109 194 72 164 81 38 74 18 71 130 34 59 47 144 64 80 87 94 69 153 197 93 29 186 114 149 101 183 63 100 156 190 202 73 95 154 108 52 31 49 37 30 168 28 178 171 102 11 90 58 112 6 175 10 189 92 131 99 166 103 119 4 125 118 124 135 9 140 152 48 179 133 169 196 43 128 78 22 66 180 113 116 200 88 122 191 203 76 45 46 61 110 97 55 163 21 126 193 199 91 84 26 147 148 167 188 104 204 15 182 5 123 1 16 96 25 53 146 132 8 57 137 138 67 134 150 14 184 174 85 136 121 195 82 162 165 106 17 3 176 111 143
146 153 185 133 75 41 86 11 131 92 10 77 109 3 89 139 163 112 63 60 118 95 119 51 192 129 111 87 154 106 174 117 27 1 110 97 187 39 200 56 54 159 134 15 101 199 18 204 20 108 172 29 38 176 100 127 93 120 168 188 5 183 142 184 9 130 126 25 57 67 19 78 135 194 17 34 7 61 162 151 125 53 198 201 36 48 52 191 91 114 156 16 150 74 66 104 186 31 124 30 173 136 197 107 80 180 50 24 4 105 46 8 62 122 145 196 190 128 103 33 2 116 175 71 59 178 169 193 166 202 69 102 79 47 6 88 143 58 82 115 149 72 140 84 85 64 70 144 148 158 55 179 14 141 152 49 203 157 13 165 138 182 23 22 96 83 181 42 94 98 32 113 170 99 90 28 171 21 44 68 43 40 164 12 132 73 161 35 195 26 137 177 147 123 65 155 37 160 121 167 45 189 81 76
141 51 173 170 79 201 27 36 70 20 62 107 75 185 68 23 145 172 19 39 65 177 155 127 12 115 24 33 7 139 32 83 50 77 42 159 41 198 142 187 157 181 60 98 129 35 40 105 89 160 44 13 161 86 120 151 192 158 54 117 56 2 109 194 72 164 81 38 74 18 71 130 34 59 47 144 64 80 87 94 69 153 197 93 29 186 114 149 101 183 63 100 156 190 202 73 95 154 108 52 31 49 37 30 168 28 178 171 102 11 90 58 112 6 175 10 189 92 131 99 166 103 119 4 125 118 124 135 9 140 152 48 179 133 169 196 43 128 78 22 66 180 113 116 200 88 122 191 203 76 45 46 61 110 97 55 163 21 126 193 199 91 84 26 147 148 167 188 104 204 15 182 5 123 1 16 96 25 53 146 132 8 57 137 138 67 134 150 14 184 174 85 136 121 195 82 162 165 106 17 3 176 111 143
201 75 67 202 153 63 125 65 79 12 10 99 31 140 160 178 172 187 48 135 154 157 72 105 186 121 133 82 46 149 37 4 131 92 195 38 93 161 94 101 124 96 95 191 49 158 181 204 134 155 85 66 19 42 156 5 18 22 24 70 104 162 115 97 166 132 59 16 108 164 32 137 64 77 89 176 28 174 34 200 143 107 118 190 193 81 51 152 50 128 87 167 180 90 110 102 11 151 109 127 3 106 1 114 61 88 78 45 74 9 100 139 169 122 33 58 173 123 83 47 142 183 8 52 119 25 27 73 129 29 136 57 69 199 148 40 126 198 60 170 111 130 203 20 120 171 194 168 179 117 159 146 26 6 54 163 55 62 80 21 43 7 30 138 197 36 177 184 84 113 17 35 15 39 23 192 53 2 91 13 103 196 175 68 116 165 71 185 189 144 112 98 188 86 147 44 56 14 141 182 76 150 145 41
146 153 185 133 75 41 86 11 131 92 10 77 109 3 89 139 163 112 63 60 118 95 119 51 192 129 111 87 154 106 174 117 27 1 110 97 187 39 200 56 54 159 134 15 101 199 18 204 20 108 172 29 38 176 100 127 93 120 168 188 5 183 142 184 9 130 126 25 57 67 19 78 135 194 17 34 7 61 162 151 125 53 198 201 36 48 52 191 91 114 156 16 150 74 66 104 186 31 124 30 173 136 197 107 80 180 50 24 4 105 46 8 62 122 145 196 190 128 103 33 2 116 175 71 59 178 169 193 166 202 69 102 79 47 6 88 143 58 82 115 149 72 140 84 85 64 70 144 148 158 55 179 14 141 152 49 203 157 13 165 138 182 23 22 96 83 181 42 94 98 32 113 170 99 90 28 171 21 44 68 43 40 164 12 132 73 161 35 195 26 137 177 147 123 65 155 37 160 121 167 45 189 81 76
146 153 185 133 75 41 86 11 131 92 10 77 109 3 89 139 163 112 63 60 118 95 119 51 192 129 111 87 154 106 174 117 27 1 110 97 187 39 200 56 54 159 134 15 101 199 18 204 20 108 172 29 38 176 100 127 93 120 168 188 5 183 142 184 9 130 126 25 57 67 19 78 135 194 17 34 7 61 162 151 125 53 198 201 36 48 52 191 91 114 156 16 150 74 66 104 186 31 124 30 173 136 197 107 80 180 50 24 4 105 46 8 62 122 145 196 190 128 103 33 2 116 175 71 59 178 169 193 166 202 69 102 79 47 6 88 143 58 82 115 149 72 140 84 85 64 70 144 148 158 55 179 14 141 152 49 203 157 13 165 138 182 23 22 96 83 181 42 94 98 32 113 170 99 90 28 171 21 44 68 43 40 164 12 132 73 161 35 195 26 137 177 147 123 65 155 37 160 121 167 45 189 81 76
146 153 185 133 75 41 86 11 131 92 10 77 109 3 89 139 163 112 63 60 118 95 119 51 192 129 111 87 154 106 174 117 27 1 110 97 187 39 200 56 54 159 134 15 101 199 18 204 20 108 172 29 38 176 100 127 93 120 168 188 5 183 142 184 9 130 126 25 57 67 19 78 135 194 17 34 7 61 162 151 125 53 198 201 36 48 52 191 91 114 156 16 150 74 66 104 186 31 124 30 173 136 197 107 80 180 50 24 4 105 46 8 62 122 145 196 190 128 103 33 2 116 175 71 59 178 169 193 166 202 69 102 79 47 6 88 143 58 82 115 149 72 140 84 85 64 70 144 148 158 55 179 14 141 152 49 203 157 13 165 138 182 23 22 96 83 181 42 94 98 32 113 170 99 90 28 171 21 44 68 43 40 164 12 132 73 161 35 195 26 137 177 147 123 65 155 37 160 121 167 45 189 81 76
201 75 67 202 153 63 125 65 79 12 10 99 31 140 160 178 172 187 48 135 154 157 72 105 186 121 133 82 46 149 37 4 131 92 195 38 93 161 94 101 124 96 95 191 49 158 181 204 134 155 85 66 19 42 156 5 18 22 24 70 104 162 115 97 166 132 59 16 108 164 32 137 64 77 89 176 28 174 34 200 143 107 118 190 193 81 51 152 50 128 87 167 180 90 110 102 11 151 109 127 3 106 1 114 61 88 78 45 74 9 100 139 169 122 33 58 173 123 83 47 142 183 8 52 119 25 27 73 129 29 136 57 69 199 148 40 126 198 60 170 111 130 203 20 120 171 194 168 179 117 159 146 26 6 54 163 55 62 80 21 43 7 30 138 197 36 177 184 84 113 17 35 15 39 23 192 53 2 91 13 103 196 175 68 116 165 71 185 189 144 112 98 188 86 147 44 56 14 141 182 76 150 145 41
