204 89
1 2 4 5 6 7 9 10 12 14 17 19 20 21 22 23 24 25 27 28 29 30 32 33 34 35 38 39 40 42 43 44 45 48 49 50 52 55 56 57 58 59 60 61 62 63 64 65 66 67 68 69 70 71 73 74 75 76 78 79 80 81 82 83 84 85 86 87 88 89 90 91 92 93 94 95 96 98 100 103 104 106 107 108 110 111 112 113 114
57 135 177 78 43 102 200 61 26 79 121 31 97 109 110 195 185 60 162 139 175 199 196 186 166 101 29 25 131 149 157 129 72 164 140 184 100 202 180 73 127 53 20 114 68 198 159 44 160 11 103 15 41 80 1 7 111 87 98 62 169 155 172 34 201 3 88 107 93 50 40 85 67 22 182 144 138 170 19 181 89 193 24 58 192 189 136 36 165 23 69 66 2 123 137 158 54 52 194 6 8 174 92 59 152 28 75 143 108 145 56 33 77 126 178 17 179 106 133 142 90 49 105 187 124 42 99 81 95 141 148 150 76 9 14 27 188 84 130 65 48 74 132 96 128 46 203 134 47 83 146 51 156 118 168 117 4 104 10 163 116 5 154 35 113 122 171 82 38 197 115 32 167 63 125 147 176 16 151 55 112 12 70 91 37 173 204 64 86 45 21 153 71 94 119 191 13 190 161 120 183 18 30 39
57 135 177 78 43 102 200 61 26 79 121 31 97 109 110 195 185 60 162 139 175 199 196 186 166 101 29 25 131 149 157 129 72 164 140 184 100 202 180 73 127 53 20 114 68 198 159 44 160 11 103 15 41 80 1 7 111 87 98 62 169 155 172 34 201 3 88 107 93 50 40 85 67 22 182 144 138 170 19 181 89 193 24 58 192 189 136 36 165 23 69 66 2 123 137 158 54 52 194 6 8 174 92 59 152 28 75 143 108 145 56 33 77 126 178 17 179 106 133 142 90 49 105 187 124 42 99 81 95 141 148 150 76 9 14 27 188 84 130 65 48 74 132 96 128 46 203 134 47 83 146 51 156 118 168 117 4 104 10 163 116 5 154 35 113 122 171 82 38 197 115 32 167 63 125 147 176 16 151 55 112 12 70 91 37 173 204 64 86 45 21 153 71 94 119 191 13 190 161 120 183 18 30 39
57 135 177 78 43 102 200 61 26 79 121 31 97 109 110 195 185 60 162 139 175 199 196 186 166 101 29 25 131 149 157 129 72 164 140 184 100 202 180 73 127 53 20 114 68 198 159 44 160 11 103 15 41 80 1 7 111 87 98 62 169 155 172 34 201 3 88 107 93 50 40 85 67 22 182 144 138 170 19 181 89 193 24 58 192 189 136 36 165 23 69 66 2 123 137 158 54 52 194 6 8 174 92 59 152 28 75 143 108 145 56 33 77 126 178 17 179 106 133 142 90 49 105 187 124 42 99 81 95 141 148 150 76 9 14 27 188 84 130 65 48 74 132 96 128 46 203 134 47 83 146 51 156 118 168 117 4 104 10 163 116 5 154 35 113 122 171 82 38 197 115 32 167 63 125 147 176 16 151 55 112 12 70 91 37 173 204 64 86 45 21 153 71 94 119 191 13 190 161 120 183 18 30 39
57 135 177 78 43 102 200 61 26 79 121 31 97 109 110 195 185 60 162 139 175 199 196 186 166 101 29 25 131 149 157 129 72 164 140 184 100 202 180 73 127 53 20 114 68 198 159 44 160 11 103 15 41 80 1 7 111 87 98 62 169 155 172 34 201 3 88 107 93 50 40 85 67 22 182 144 138 170 19 181 89 193 24 58 192 189 136 36 165 23 69 66 2 123 137 158 54 52 194 6 8 174 92 59 152 28 75 143 108 145 56 33 77 126 178 17 179 106 133 142 90 49 105 187 124 42 99 81 95 141 148 150 76 9 14 27 188 84 130 65 48 74 132 96 128 46 203 134 47 83 146 51 156 118 168 117 4 104 10 163 116 5 154 35 113 122 171 82 38 197 115 32 167 63 125 147 176 16 151 55 112 12 70 91 37 173 204 64 86 45 21 153 71 94 119 191 13 190 161 120 183 18 30 39
57 135 177 78 43 102 200 61 26 79 121 31 97 109 110 195 185 60 162 139 175 199 196 186 166 101 29 25 131 149 157 129 72 164 140 184 100 202 180 73 127 53 20 114 68 198 159 44 160 11 103 15 41 80 1 7 111 87 98 62 169 155 172 34 201 3 88 107 93 50 40 85 67 22 182 144 138 170 19 181 89 193 24 58 192 189 136 36 165 23 69 66 2 123 137 158 54 52 194 6 8 174 92 59 152 28 75 143 108 145 56 33 77 126 178 17 179 106 133 142 90 49 105 187 124 42 99 81 95 141 148 150 76 9 14 27 188 84 130 65 48 74 132 96 128 46 203 134 47 83 146 51 156 118 168 117 4 104 10 163 116 5 154 35 113 122 171 82 38 197 115 32 167 63 125 147 176 16 151 55 112 12 70 91 37 173 204 64 86 45 21 153 71 94 119 191 13 190 161 120 183 18 30 39
57 135 177 78 43 102 200 61 26 79 121 31 97 109 110 195 185 60 162 139 175 199 196 186 166 101 29 25 131 149 157 129 72 164 140 184 100 202 180 73 127 53 20 114 68 198 159 44 160 11 103 15 41 80 1 7 111 87 98 62 169 155 172 34 201 3 88 107 93 50 40 85 67 22 182 144 138 170 19 181 89 193 24 58 192 189 136 36 165 23 69 66 2 123 137 158 54 52 194 6 8 174 92 59 152 28 75 143 108 145 56 33 77 126 178 17 179 106 133 142 90 49 105 187 124 42 99 81 95 141 148 150 76 9 14 27 188 84 130 65 48 74 132 96 128 46 203 134 47 83 146 51 156 118 168 117 4 104 10 163 116 5 154 35 113 122 171 82 38 197 115 32 167 63 125 147 176 16 151 55 112 12 70 91 37 173 204 64 86 45 21 153 71 94 119 191 13 190 161 120 183 18 30 39
57 135 177 78 43 102 200 61 26 79 121 31 97 109 110 195 185 60 162 139 175 199 196 186 166 101 29 25 131 149 157 129 72 164 140 184 100 202 180 73 127 53 20 114 68 198 159 44 160 11 103 15 41 80 1 7 111 87 98 62 169 155 172 34 201 3 88 107 93 50 40 85 67 22 182 144 138 170 19 181 89 193 24 58 192 189 136 36 165 23 69 66 2 123 137 158 54 52 194 6 8 174 92 59 152 28 75 143 108 145 56 33 77 126 178 17 179 106 133 142 90 49 105 187 124 42 99 81 95 141 148 150 76 9 14 27 188 84 130 65 48 74 132 96 128 46 203 134 47 83 146 51 156 118 168 117 4 104 10 163 116 5 154 35 113 122 171 82 38 197 115 32 167 63 125 147 176 16 151 55 112 12 70 91 37 173 204 64 86 45 21 153 71 94 119 191 13 190 161 120 183 18 30 39
57 135 177 78 43 102 200 61 26 79 121 31 97 109 110 195 185 60 162 139 175 199 196 186 166 101 29 25 131 149 157 129 72 164 140 184 100 202 180 73 127 53 20 114 68 198 159 44 160 11 103 15 41 80 1 7 111 87 98 62 169 155 172 34 201 3 88 107 93 50 40 85 67 22 182 144 138 170 19 181 89 193 24 58 192 189 136 36 165 23 69 66 2 123 137 158 54 52 194 6 8 174 92 59 152 28 75 143 108 145 56 33 77 126 178 17 179 106 133 142 90 49 105 187 124 42 99 81 95 141 148 150 76 9 14 27 188 84 130 65 48 74 132 96 128 46 203 134 47 83 146 51 156 118 168 117 4 104 10 163 116 5 154 35 113 122 171 82 38 197 115 32 167 63 125 147 176 16 151 55 112 12 70 91 37 173 204 64 86 45 21 153 71 94 119 191 13 190 161 120 183 18 30 39
57 135 177 78 43 102 200 61 26 79 121 31 97 109 110 195 185 60 162 139 175 199 196 186 166 101 29 25 131 149 157 129 72 164 140 184 100 202 180 73 127 53 20 114 68 198 159 44 160 11 103 15 41 80 1 7 111 87 98 62 169 155 172 34 201 3 88 107 93 50 40 85 67 22 182 144 138 170 19 181 89 193 24 58 192 189 136 36 165 23 69 66 2 123 137 158 54 52 194 6 8 174 92 59 152 28 75 143 108 145 56 33 77 126 178 17 179 106 133 142 90 49 105 187 124 42 99 81 95 141 148 150 76 9 14 27 188 84 130 65 48 74 132 96 128 46 203 134 47 83 146 51 156 118 168 117 4 104 10 163 116 5 154 35 113 122 171 82 38 197 115 32 167 63 125 147 176 16 151 55 112 12 70 91 37 173 204 64 86 45 21 153 71 94 119 191 13 190 161 120 183 18 30 39
57 135 177 78 43 102 200 61 26 79 121 31 97 109 110 195 185 60 162 139 175 199 196 186 166 101 29 25 131 149 157 129 72 164 140 184 100 202 180 73 127 53 20 114 68 198 159 44 160 11 103 15 41 80 1 7 111 87 98 62 169 155 172 34 201 3 88 107 93 50 40 85 67 22 182 144 138 170 19 181 89 193 24 58 192 189 136 36 165 23 69 66 2 123 137 158 54 52 194 6 8 174 92 59 152 28 75 143 108 145 56 33 77 126 178 17 179 106 133 142 90 49 105 187 124 42 99 81 95 141 148 150 76 9 14 27 188 84 130 65 48 74 132 96 128 46 203 134 47 83 146 51 156 118 168 117 4 104 10 163 116 5 154 35 113 122 171 82 38 197 115 32 167 63 125 147 176 16 151 55 112 12 70 91 37 173 204 64 86 45 21 153 71 94 119 191 13 190 161 120 183 18 30 39
57 135 177 78 43 102 200 61 26 79 121 31 97 109 110 195 185 60 162 139 175 199 196 186 166 101 29 25 131 149 157 129 72 164 140 184 100 202 180 73 127 53 20 114 68 198 159 44 160 11 103 15 41 80 1 7 111 87 98 62 169 155 172 34 201 3 88 107 93 50 40 85 67 22 182 144 138 170 19 181 89 193 24 58 192 189 136 36 165 23 69 66 2 123 137 158 54 52 194 6 8 174 92 59 152 28 75 143 108 145 56 33 77 126 178 17 179 106 133 142 90 49 105 187 124 42 99 81 95 141 148 150 76 9 14 27 188 84 130 65 48 74 132 96 128 46 203 134 47 83 146 51 156 118 168 117 4 104 10 163 116 5 154 35 113 122 171 82 38 197 115 32 167 63 125 147 176 16 151 55 112 12 70 91 37 173 204 64 86 45 21 153 71 94 119 191 13 190 161 120 183 18 30 39
57 135 177 78 43 102 200 61 26 79 121 31 97 109 110 195 185 60 162 139 175 199 196 186 166 101 29 25 131 149 157 129 72 164 140 184 100 202 180 73 127 53 20 114 68 198 159 44 160 11 103 15 41 80 1 7 111 87 98 62 169 155 172 34 201 3 88 107 93 50 40 85 67 22 182 144 138 170 19 181 89 193 24 58 192 189 136 36 165 23 69 66 2 123 137 158 54 52 194 6 8 174 92 59 152 28 75 143 108 145 56 33 77 126 178 17 179 106 133 142 90 49 105 187 124 42 99 81 95 141 148 150 76 9 14 27 188 84 130 65 48 74 132 96 128 46 203 134 47 83 146 51 156 118 168 117 4 104 10 163 116 5 154 35 113 122 171 82 38 197 115 32 167 63 125 147 176 16 151 55 112 12 70 91 37 173 204 64 86 45 21 153 71 94 119 191 13 190 161 120 183 18 30 39
57 135 177 78 43 102 200 61 26 79 121 31 97 109 110 195 185 60 162 139 175 199 196 186 166 101 29 25 131 149 157 129 72 164 140 184 100 202 180 73 127 53 20 114 68 198 159 44 160 11 103 15 41 80 1 7 111 87 98 62 169 155 172 34 201 3 88 107 93 50 40 85 67 22 182 144 138 170 19 181 89 193 24 58 192 189 136 36 165 23 69 66 2 123 137 158 54 52 194 6 8 174 92 59 152 28 75 143 108 145 56 33 77 126 178 17 179 106 133 142 90 49 105 187 124 42 99 81 95 141 148 150 76 9 14 27 188 84 130 65 48 74 132 96 128 46 203 134 47 83 146 51 156 118 168 117 4 104 10 163 116 5 154 35 113 122 171 82 38 197 115 32 167 63 125 147 176 16 151 55 112 12 70 91 37 173 204 64 86 45 21 153 71 94 119 191 13 190 161 120 183 18 30 39
57 135 177 78 43 102 200 61 26 79 121 31 97 109 110 195 185 60 162 139 175 199 196 186 166 101 29 25 131 149 157 129 72 164 140 184 100 202 180 73 127 53 20 114 68 198 159 44 160 11 103 15 41 80 1 7 111 87 98 62 169 155 172 34 201 3 88 107 93 50 40 85 67 22 182 144 138 170 19 181 89 193 24 58 192 189 136 36 165 23 69 66 2 123 137 158 54 52 194 6 8 174 92 59 152 28 75 143 108 145 56 33 77 126 178 17 179 106 133 142 90 49 105 187 124 42 99 81 95 141 148 150 76 9 14 27 188 84 130 65 48 74 132 96 128 46 203 134 47 83 146 51 156 118 168 117 4 104 10 163 116 5 154 35 113 122 171 82 38 197 115 32 167 63 125 147 176 16 151 55 112 12 70 91 37 173 204 64 86 45 21 153 71 94 119 191 13 190 161 120 183 18 30 39
57 135 177 78 43 102 200 61 26 79 121 31 97 109 110 195 185 60 162 139 175 199 196 186 166 101 29 25 131 149 157 129 72 164 140 184 100 202 180 73 127 53 20 114 68 198 159 44 160 11 103 15 41 80 1 7 111 87 98 62 169 155 172 34 201 3 88 107 93 50 40 85 67 22 182 144 138 170 19 181 89 193 24 58 192 189 136 36 165 23 69 66 2 123 137 158 54 52 194 6 8 174 92 59 152 28 75 143 108 145 56 33 77 126 178 17 179 106 133 142 90 49 105 187 124 42 99 81 95 141 148 150 76 9 14 27 188 84 130 65 48 74 132 96 128 46 203 134 47 83 146 51 156 118 168 117 4 104 10 163 116 5 154 35 113 122 171 82 38 197 115 32 167 63 125 147 176 16 151 55 112 12 70 91 37 173 204 64 86 45 21 153 71 94 119 191 13 190 161 120 183 18 30 39
57 135 177 78 43 102 200 61 26 79 121 31 97 109 110 195 185 60 162 139 175 199 196 186 166 101 29 25 131 149 157 129 72 164 140 184 100 202 180 73 127 53 20 114 68 198 159 44 160 11 103 15 41 80 1 7 111 87 98 62 169 155 172 34 201 3 88 107 93 50 40 85 67 22 182 144 138 170 19 181 89 193 24 58 192 189 136 36 165 23 69 66 2 123 137 158 54 52 194 6 8 174 92 59 152 28 75 143 108 145 56 33 77 126 178 17 179 106 133 142 90 49 105 187 124 42 99 81 95 141 148 150 76 9 14 27 188 84 130 65 48 74 132 96 128 46 203 134 47 83 146 51 156 118 168 117 4 104 10 163 116 5 154 35 113 122 171 82 38 197 115 32 167 63 125 147 176 16 151 55 112 12 70 91 37 173 204 64 86 45 21 153 71 94 119 191 13 190 161 120 183 18 30 39
57 135 177 78 43 102 200 61 26 79 121 31 97 109 110 195 185 60 162 139 175 199 196 186 166 101 29 25 131 149 157 129 72 164 140 184 100 202 180 73 127 53 20 114 68 198 159 44 160 11 103 15 41 80 1 7 111 87 98 62 169 155 172 34 201 3 88 107 93 50 40 85 67 22 182 144 138 170 19 181 89 193 24 58 192 189 136 36 165 23 69 66 2 123 137 158 54 52 194 6 8 174 92 59 152 28 75 143 108 145 56 33 77 126 178 17 179 106 133 142 90 49 105 187 124 42 99 81 95 141 148 150 76 9 14 27 188 84 130 65 48 74 132 96 128 46 203 134 47 83 146 51 156 118 168 117 4 104 10 163 116 5 154 35 113 122 171 82 38 197 115 32 167 63 125 147 176 16 151 55 112 12 70 91 37 173 204 64 86 45 21 153 71 94 119 191 13 190 161 120 183 18 30 39
57 135 177 78 43 102 200 61 26 79 121 31 97 109 110 195 185 60 162 139 175 199 196 186 166 101 29 25 131 149 157 129 72 164 140 184 100 202 180 73 127 53 20 114 68 198 159 44 160 11 103 15 41 80 1 7 111 87 98 62 169 155 172 34 201 3 88 107 93 50 40 85 67 22 182 144 138 170 19 181 89 193 24 58 192 189 136 36 165 23 69 66 2 123 137 158 54 52 194 6 8 174 92 59 152 28 75 143 108 145 56 33 77 126 178 17 179 106 133 142 90 49 105 187 124 42 99 81 95 141 148 150 76 9 14 27 188 84 130 65 48 74 132 96 128 46 203 134 47 83 146 51 156 118 168 117 4 104 10 163 116 5 154 35 113 122 171 82 38 197 115 32 167 63 125 147 176 16 151 55 112 12 70 91 37 173 204 64 86 45 21 153 71 94 119 191 13 190 161 120 183 18 30 39
57 135 177 78 43 102 200 61 26 79 121 31 97 109 110 195 185 60 162 139 175 199 196 186 166 101 29 25 131 149 157 129 72 164 140 184 100 202 180 73 127 53 20 114 68 198 159 44 160 11 103 15 41 80 1 7 111 87 98 62 169 155 172 34 201 3 88 107 93 50 40 85 67 22 182 144 138 170 19 181 89 193 24 58 192 189 136 36 165 23 69 66 2 123 137 158 54 52 194 6 8 174 92 59 152 28 75 143 108 145 56 33 77 126 178 17 179 106 133 142 90 49 105 187 124 42 99 81 95 141 148 150 76 9 14 27 188 84 130 65 48 74 132 96 128 46 203 134 47 83 146 51 156 118 168 117 4 104 10 163 116 5 154 35 113 122 171 82 38 197 115 32 167 63 125 147 176 16 151 55 112 12 70 91 37 173 204 64 86 45 21 153 71 94 119 191 13 190 161 120 183 18 30 39
57 135 177 78 43 102 200 61 26 79 121 31 97 109 110 195 185 60 162 139 175 199 196 186 166 101 29 25 131 149 157 129 72 164 140 184 100 202 180 73 127 53 20 114 68 198 159 44 160 11 103 15 41 80 1 7 111 87 98 62 169 155 172 34 201 3 88 107 93 50 40 85 67 22 182 144 138 170 19 181 89 193 24 58 192 189 136 36 165 23 69 66 2 123 137 158 54 52 194 6 8 174 92 59 152 28 75 143 108 145 56 33 77 126 178 17 179 106 133 142 90 49 105 187 124 42 99 81 95 141 148 150 76 9 14 27 188 84 130 65 48 74 132 96 128 46 203 134 47 83 146 51 156 118 168 117 4 104 10 163 116 5 154 35 113 122 171 82 38 197 115 32 167 63 125 147 176 16 151 55 112 12 70 91 37 173 204 64 86 45 21 153 71 94 119 191 13 190 161 120 183 18 30 39
57 135 177 78 43 102 200 61 26 79 121 31 97 109 110 195 185 60 162 139 175 199 196 186 166 101 29 25 131 149 157 129 72 164 140 184 100 202 180 73 127 53 20 114 68 198 159 44 160 11 103 15 41 80 1 7 111 87 98 62 169 155 172 34 201 3 88 107 93 50 40 85 67 22 182 144 138 170 19 181 89 193 24 58 192 189 136 36 165 23 69 66 2 123 137 158 54 52 194 6 8 174 92 59 152 28 75 143 108 145 56 33 77 126 178 17 179 106 133 142 90 49 105 187 124 42 99 81 95 141 148 150 76 9 14 27 188 84 130 65 48 74 132 96 128 46 203 134 47 83 146 51 156 118 168 117 4 104 10 163 116 5 154 35 113 122 171 82 38 197 115 32 167 63 125 147 176 16 151 55 112 12 70 91 37 173 204 64 86 45 21 153 71 94 119 191 13 190 161 120 183 18 30 39
57 135 177 78 43 102 200 61 26 79 121 31 97 109 110 195 185 60 162 139 175 199 196 186 166 101 29 25 131 149 157 129 72 164 140 184 100 202 180 73 127 53 20 114 68 198 159 44 160 11 103 15 41 80 1 7 111 87 98 62 169 155 172 34 201 3 88 107 93 50 40 85 67 22 182 144 138 170 19 181 89 193 24 58 192 189 136 36 165 23 69 66 2 123 137 158 54 52 194 6 8 174 92 59 152 28 75 143 108 145 56 33 77 126 178 17 179 106 133 142 90 49 105 187 124 42 99 81 95 141 148 150 76 9 14 27 188 84 130 65 48 74 132 96 128 46 203 134 47 83 146 51 156 118 168 117 4 104 10 163 116 5 154 35 113 122 171 82 38 197 115 32 167 63 125 147 176 16 151 55 112 12 70 91 37 173 204 64 86 45 21 153 71 94 119 191 13 190 161 120 183 18 30 39
57 135 177 78 43 102 200 61 26 79 121 31 97 109 110 195 185 60 162 139 175 199 196 186 166 101 29 25 131 149 157 129 72 164 140 184 100 202 180 73 127 53 20 114 68 198 159 44 160 11 103 15 41 80 1 7 111 87 98 62 169 155 172 34 201 3 88 107 93 50 40 85 67 22 182 144 138 170 19 181 89 193 24 58 192 189 136 36 165 23 69 66 2 123 137 158 54 52 194 6 8 174 92 59 152 28 75 143 108 145 56 33 77 126 178 17 179 106 133 142 90 49 105 187 124 42 99 81 95 141 148 150 76 9 14 27 188 84 130 65 48 74 132 96 128 46 203 134 47 83 146 51 156 118 168 117 4 104 10 163 116 5 154 35 113 122 171 82 38 197 115 32 167 63 125 147 176 16 151 55 112 12 70 91 37 173 204 64 86 45 21 153 71 94 119 191 13 190 161 120 183 18 30 39
57 135 177 78 43 102 200 61 26 79 121 31 97 109 110 195 185 60 162 139 175 199 196 186 166 101 29 25 131 149 157 129 72 164 140 184 100 202 180 73 127 53 20 114 68 198 159 44 160 11 103 15 41 80 1 7 111 87 98 62 169 155 172 34 201 3 88 107 93 50 40 85 67 22 182 144 138 170 19 181 89 193 24 58 192 189 136 36 165 23 69 66 2 123 137 158 54 52 194 6 8 174 92 59 152 28 75 143 108 145 56 33 77 126 178 17 179 106 133 142 90 49 105 187 124 42 99 81 95 141 148 150 76 9 14 27 188 84 130 65 48 74 132 96 128 46 203 134 47 83 146 51 156 118 168 117 4 104 10 163 116 5 154 35 113 122 171 82 38 197 115 32 167 63 125 147 176 16 151 55 112 12 70 91 37 173 204 64 86 45 21 153 71 94 119 191 13 190 161 120 183 18 30 39
57 135 177 78 43 102 200 61 26 79 121 31 97 109 110 195 185 60 162 139 175 199 196 186 166 101 29 25 131 149 157 129 72 164 140 184 100 202 180 73 127 53 20 114 68 198 159 44 160 11 103 15 41 80 1 7 111 87 98 62 169 155 172 34 201 3 88 107 93 50 40 85 67 22 182 144 138 170 19 181 89 193 24 58 192 189 136 36 165 23 69 66 2 123 137 158 54 52 194 6 8 174 92 59 152 28 75 143 108 145 56 33 77 126 178 17 179 106 133 142 90 49 105 187 124 42 99 81 95 141 148 150 76 9 14 27 188 84 130 65 48 74 132 96 128 46 203 134 47 83 146 51 156 118 168 117 4 104 10 163 116 5 154 35 113 122 171 82 38 197 115 32 167 63 125 147 176 16 151 55 112 12 70 91 37 173 204 64 86 45 21 153 71 94 119 191 13 190 161 120 183 18 30 39
57 135 177 78 43 102 200 61 26 79 121 31 97 109 110 195 185 60 162 139 175 199 196 186 166 101 29 25 131 149 157 129 72 164 140 184 100 202 180 73 127 53 20 114 68 198 159 44 160 11 103 15 41 80 1 7 111 87 98 62 169 155 172 34 201 3 88 107 93 50 40 85 67 22 182 144 138 170 19 181 89 193 24 58 192 189 136 36 165 23 69 66 2 123 137 158 54 52 194 6 8 174 92 59 152 28 75 143 108 145 56 33 77 126 178 17 179 106 133 142 90 49 105 187 124 42 99 81 95 141 148 150 76 9 14 27 188 84 130 65 48 74 132 96 128 46 203 134 47 83 146 51 156 118 168 117 4 104 10 163 116 5 154 35 113 122 171 82 38 197 115 32 167 63 125 147 176 16 151 55 112 12 70 91 37 173 204 64 86 45 21 153 71 94 119 191 13 190 161 120 183 18 30 39
57 135 177 78 43 102 200 61 26 79 121 31 97 109 110 195 185 60 162 139 175 199 196 186 166 101 29 25 131 149 157 129 72 164 140 184 100 202 180 73 127 53 20 114 68 198 159 44 160 11 103 15 41 80 1 7 111 87 98 62 169 155 172 34 201 3 88 107 93 50 40 85 67 22 182 144 138 170 19 181 89 193 24 58 192 189 136 36 165 23 69 66 2 123 137 158 54 52 194 6 8 174 92 59 152 28 75 143 108 145 56 33 77 126 178 17 179 106 133 142 90 49 105 187 124 42 99 81 95 141 148 150 76 9 14 27 188 84 130 65 48 74 132 96 128 46 203 134 47 83 146 51 156 118 168 117 4 104 10 163 116 5 154 35 113 122 171 82 38 197 115 32 167 63 125 147 176 16 151 55 112 12 70 91 37 173 204 64 86 45 21 153 71 94 119 191 13 190 161 120 183 18 30 39
101 88 29 105 95 106 195 36 127 110 141 62 33 80 11 84 201 123 7 87 57 128 31 9 178 86 137 115 8 190 139 146 134 116 143 170 118 30 156 111 180 65 90 96 54 15 46 25 41 199 173 13 177 49 165 70 133 48 81 164 135 172 113 52 126 98 71 187 158 16 189 188 117 132 160 40 76 112 119 21 108 93 147 193 3 66 179 103 10 74 151 202 168 58 67 75 153 6 196 14 161 26 97 94 145 28 38 162 150 83 53 148 22 43 63 17 92 169 107 197 78 130 104 59 64 44 19 171 100 152 176 47 138 192 167 91 182 125 2 198 82 55 186 69 121 102 37 18 34 20 24 73 50 157 122 203 39 114 181 194 79 159 99 140 23 154 175 27 142 32 183 200 72 56 174 204 45 68 163 42 149 5 61 77 85 131 51 155 120 184 60 4 136 89 191 1 12 185 144 124 35 166 109 129
101 88 29 105 95 106 195 36 127 110 141 62 33 80 11 84 201 123 7 87 57 128 31 9 178 86 137 115 8 190 139 146 134 116 143 170 118 30 156 111 180 65 90 96 54 15 46 25 41 199 173 13 177 49 165 70 133 48 81 164 135 172 113 52 126 98 71 187 158 16 189 188 117 132 160 40 76 112 119 21 108 93 147 193 3 66 179 103 10 74 151 202 168 58 67 75 153 6 196 14 161 26 97 94 145 28 38 162 150 83 53 148 22 43 63 17 92 169 107 197 78 130 104 59 64 44 19 171 100 152 176 47 138 192 167 91 182 125 2 198 82 55 186 69 121 102 37 18 34 20 24 73 50 157 122 203 39 114 181 194 79 159 99 140 23 154 175 27 142 32 183 200 72 56 174 204 45 68 163 42 149 5 61 77 85 131 51 155 120 184 60 4 136 89 191 1 12 185 144 124 35 166 109 129
101 88 29 105 95 106 195 36 127 110 141 62 33 80 11 84 201 123 7 87 57 128 31 9 178 86 137 115 8 190 139 146 134 116 143 170 118 30 156 111 180 65 90 96 54 15 46 25 41 199 173 13 177 49 165 70 133 48 81 164 135 172 113 52 126 98 71 187 158 16 189 188 117 132 160 40 76 112 119 21 108 93 147 193 3 66 179 103 10 74 151 202 168 58 67 75 153 6 196 14 161 26 97 94 145 28 38 162 150 83 53 148 22 43 63 17 92 169 107 197 78 130 104 59 64 44 19 171 100 152 176 47 138 192 167 91 182 125 2 198 82 55 186 69 121 102 37 18 34 20 24 73 50 157 122 203 39 114 181 194 79 159 99 140 23 154 175 27 142 32 183 200 72 56 174 204 45 68 163 42 149 5 61 77 85 131 51 155 120 184 60 4 136 89 191 1 12 185 144 124 35 166 109 129
101 88 29 105 95 106 195 36 127 110 141 62 33 80 11 84 201 123 7 87 57 128 31 9 178 86 137 115 8 190 139 146 134 116 143 170 118 30 156 111 180 65 90 96 54 15 46 25 41 199 173 13 177 49 165 70 133 48 81 164 135 172 113 52 126 98 71 187 158 16 189 188 117 132 160 40 76 112 119 21 108 93 147 193 3 66 179 103 10 74 151 202 168 58 67 75 153 6 196 14 161 26 97 94 145 28 38 162 150 83 53 148 22 43 63 17 92 169 107 197 78 130 104 59 64 44 19 171 100 152 176 47 138 192 167 91 182 125 2 198 82 55 186 69 121 102 37 18 34 20 24 73 50 157 122 203 39 114 181 194 79 159 99 140 23 154 175 27 142 32 183 200 72 56 174 204 45 68 163 42 149 5 61 77 85 131 51 155 120 184 60 4 136 89 191 1 12 185 144 124 35 166 109 129
101 88 29 105 95 106 195 36 127 110 141 62 33 80 11 84 201 123 7 87 57 128 31 9 178 86 137 115 8 190 139 146 134 116 143 170 118 30 156 111 180 65 90 96 54 15 46 25 41 199 173 13 177 49 165 70 133 48 81 164 135 172 113 52 126 98 71 187 158 16 189 188 117 132 160 40 76 112 119 21 108 93 147 193 3 66 179 103 10 74 151 202 168 58 67 75 153 6 196 14 161 26 97 94 145 28 38 162 150 83 53 148 22 43 63 17 92 169 107 197 78 130 104 59 64 44 19 171 100 152 176 47 138 192 167 91 182 125 2 198 82 55 186 69 121 102 37 18 34 20 24 73 50 157 122 203 39 114 181 194 79 159 99 140 23 154 175 27 142 32 183 200 72 56 174 204 45 68 163 42 149 5 61 77 85 131 51 155 120 184 60 4 136 89 191 1 12 185 144 124 35 166 109 129
101 88 29 105 95 106 195 36 127 110 141 62 33 80 11 84 201 123 7 87 57 128 31 9 178 86 137 115 8 190 139 146 134 116 143 170 118 30 156 111 180 65 90 96 54 15 46 25 41 199 173 13 177 49 165 70 133 48 81 164 135 172 113 52 126 98 71 187 158 16 189 188 117 132 160 40 76 112 119 21 108 93 147 193 3 66 179 103 10 74 151 202 168 58 67 75 153 6 196 14 161 26 97 94 145 28 38 162 150 83 53 148 22 43 63 17 92 169 107 197 78 130 104 59 64 44 19 171 100 152 176 47 138 192 167 91 182 125 2 198 82 55 186 69 121 102 37 18 34 20 24 73 50 157 122 203 39 114 181 194 79 159 99 140 23 154 175 27 142 32 183 200 72 56 174 204 45 68 163 42 149 5 61 77 85 131 51 155 120 184 60 4 136 89 191 1 12 185 144 124 35 166 109 129
101 88 29 105 95 106 195 36 127 110 141 62 33 80 11 84 201 123 7 87 57 128 31 9 178 86 137 115 8 190 139 146 134 116 143 170 118 30 156 111 180 65 90 96 54 15 46 25 41 199 173 13 177 49 165 70 133 48 81 164 135 172 113 52 126 98 71 187 158 16 189 188 117 132 160 40 76 112 119 21 108 93 147 193 3 66 179 103 10 74 151 202 168 58 67 75 153 6 196 14 161 26 97 94 145 28 38 162 150 83 53 148 22 43 63 17 92 169 107 197 78 130 104 59 64 44 19 171 100 152 176 47 138 192 167 91 182 125 2 198 82 55 186 69 121 102 37 18 34 20 24 73 50 157 122 203 39 114 181 194 79 159 99 140 23 154 175 27 142 32 183 200 72 56 174 204 45 68 163 42 149 5 61 77 85 131 51 155 120 184 60 4 136 89 191 1 12 185 144 124 35 166 109 129
101 88 29 105 95 106 195 36 127 110 141 62 33 80 11 84 201 123 7 87 57 128 31 9 178 86 137 115 8 190 139 146 134 116 143 170 118 30 156 111 180 65 90 96 54 15 46 25 41 199 173 13 177 49 165 70 133 48 81 164 135 172 113 52 126 98 71 187 158 16 189 188 117 132 160 40 76 112 119 21 108 93 147 193 3 66 179 103 10 74 151 202 168 58 67 75 153 6 196 14 161 26 97 94 145 28 38 162 150 83 53 148 22 43 63 17 92 169 107 197 78 130 104 59 64 44 19 171 100 152 176 47 138 192 167 91 182 125 2 198 82 55 186 69 121 102 37 18 34 20 24 73 50 157 122 203 39 114 181 194 79 159 99 140 23 154 175 27 142 32 183 200 72 56 174 204 45 68 163 42 149 5 61 77 85 131 51 155 120 184 60 4 136 89 191 1 12 185 144 124 35 166 109 129
101 88 29 105 95 106 195 36 127 110 141 62 33 80 11 84 201 123 7 87 57 128 31 9 178 86 137 115 8 190 139 146 134 116 143 170 118 30 156 111 180 65 90 96 54 15 46 25 41 199 173 13 177 49 165 70 133 48 81 164 135 172 113 52 126 98 71 187 158 16 189 188 117 132 160 40 76 112 119 21 108 93 147 193 3 66 179 103 10 74 151 202 168 58 67 75 153 6 196 14 161 26 97 94 145 28 38 162 150 83 53 148 22 43 63 17 92 169 107 197 78 130 104 59 64 44 19 171 100 152 176 47 138 192 167 91 182 125 2 198 82 55 186 69 121 102 37 18 34 20 24 73 50 157 122 203 39 114 181 194 79 159 99 140 23 154 175 27 142 32 183 200 72 56 174 204 45 68 163 42 149 5 61 77 85 131 51 155 120 184 60 4 136 89 191 1 12 185 144 124 35 166 109 129
101 88 29 105 95 106 195 36 127 110 141 62 33 80 11 84 201 123 7 87 57 128 31 9 178 86 137 115 8 190 139 146 134 116 143 170 118 30 156 111 180 65 90 96 54 15 46 25 41 199 173 13 177 49 165 70 133 48 81 164 135 172 113 52 126 98 71 187 158 16 189 188 117 132 160 40 76 112 119 21 108 93 147 193 3 66 179 103 10 74 151 202 168 58 67 75 153 6 196 14 161 26 97 94 145 28 38 162 150 83 53 148 22 43 63 17 92 169 107 197 78 130 104 59 64 44 19 171 100 152 176 47 138 192 167 91 182 125 2 198 82 55 186 69 121 102 37 18 34 20 24 73 50 157 122 203 39 114 181 194 79 159 99 140 23 154 175 27 142 32 183 200 72 56 174 204 45 68 163 42 149 5 61 77 85 131 51 155 120 184 60 4 136 89 191 1 12 185 144 124 35 166 109 129
101 88 29 105 95 106 195 36 127 110 141 62 33 80 11 84 201 123 7 87 57 128 31 9 178 86 137 115 8 190 139 146 134 116 143 170 118 30 156 111 180 65 90 96 54 15 46 25 41 199 173 13 177 49 165 70 133 48 81 164 135 172 113 52 126 98 71 187 158 16 189 188 117 132 160 40 76 112 119 21 108 93 147 193 3 66 179 103 10 74 151 202 168 58 67 75 153 6 196 14 161 26 97 94 145 28 38 162 150 83 53 148 22 43 63 17 92 169 107 197 78 130 104 59 64 44 19 171 100 152 176 47 138 192 167 91 182 125 2 198 82 55 186 69 121 102 37 18 34 20 24 73 50 157 122 203 39 114 181 194 79 159 99 140 23 154 175 27 142 32 183 200 72 56 174 204 45 68 163 42 149 5 61 77 85 131 51 155 120 184 60 4 136 89 191 1 12 185 144 124 35 166 109 129
101 88 29 105 95 106 195 36 127 110 141 62 33 80 11 84 201 123 7 87 57 128 31 9 178 86 137 115 8 190 139 146 134 116 143 170 118 30 156 111 180 65 90 96 54 15 46 25 41 199 173 13 177 49 165 70 133 48 81 164 135 172 113 52 126 98 71 187 158 16 189 188 117 132 160 40 76 112 119 21 108 93 147 193 3 66 179 103 10 74 151 202 168 58 67 75 153 6 196 14 161 26 97 94 145 28 38 162 150 83 53 148 22 43 63 17 92 169 107 197 78 130 104 59 64 44 19 171 100 152 176 47 138 192 167 91 182 125 2 198 82 55 186 69 121 102 37 18 34 20 24 73 50 157 122 203 39 114 181 194 79 159 99 140 23 154 175 27 142 32 183 200 72 56 174 204 45 68 163 42 149 5 61 77 85 131 51 155 120 184 60 4 136 89 191 1 12 185 144 124 35 166 109 129
101 88 29 105 95 106 195 36 127 110 141 62 33 80 11 84 201 123 7 87 57 128 31 9 178 86 137 115 8 190 139 146 134 116 143 170 118 30 156 111 180 65 90 96 54 15 46 25 41 199 173 13 177 49 165 70 133 48 81 164 135 172 113 52 126 98 71 187 158 16 189 188 117 132 160 40 76 112 119 21 108 93 147 193 3 66 179 103 10 74 151 202 168 58 67 75 153 6 196 14 161 26 97 94 145 28 38 162 150 83 53 148 22 43 63 17 92 169 107 197 78 130 104 59 64 44 19 171 100 152 176 47 138 192 167 91 182 125 2 198 82 55 186 69 121 102 37 18 34 20 24 73 50 157 122 203 39 114 181 194 79 159 99 140 23 154 175 27 142 32 183 200 72 56 174 204 45 68 163 42 149 5 61 77 85 131 51 155 120 184 60 4 136 89 191 1 12 185 144 124 35 166 109 129
149 1 107 180 161 115 181 179 122 127 57 150 79 204 27 58 170 98 33 95 175 171 60 202 91 128 193 102 82 44 133 114 90 185 25 134 61 144 117 183 55 16 97 167 92 109 73 152 89 72 177 147 145 143 194 40 80 169 17 21 151 29 129 11 139 65 111 138 23 78 68 190 83 24 103 56 155 126 172 34 119 53 163 84 85 41 116 176 18 19 120 87 47 174 22 121 165 168 198 74 50 36 59 39 26 88 5 52 192 166 178 62 49 94 153 3 105 35 186 77 46 191 146 100 110 154 8 9 99 2 42 20 201 162 148 101 104 130 76 43 37 159 31 157 140 118 71 125 66 187 196 38 131 70 28 67 123 124 195 14 199 141 81 7 113 63 30 64 45 197 135 13 12 75 132 48 160 4 32 164 200 184 54 137 173 189 158 106 15 51 10 142 182 96 136 93 188 203 156 6 108 112 86 69
149 1 107 180 161 115 181 179 122 127 57 150 79 204 27 58 170 98 33 95 175 171 60 202 91 128 193 102 82 44 133 114 90 185 25 134 61 144 117 183 55 16 97 167 92 109 73 152 89 72 177 147 145 143 194 40 80 169 17 21 151 29 129 11 139 65 111 138 23 78 68 190 83 24 103 56 155 126 172 34 119 53 163 84 85 41 116 176 18 19 120 87 47 174 22 121 165 168 198 74 50 36 59 39 26 88 5 52 192 166 178 62 49 94 153 3 105 35 186 77 46 191 146 100 110 154 8 9 99 2 42 20 201 162 148 101 104 130 76 43 37 159 31 157 140 118 71 125 66 187 196 38 131 70 28 67 123 124 195 14 199 141 81 7 113 63 30 64 45 197 135 13 12 75 132 48 160 4 32 164 200 184 54 137 173 189 158 106 15 51 10 142 182 96 136 93 188 203 156 6 108 112 86 69
149 1 107 180 161 115 181 179 122 127 57 150 79 204 27 58 170 98 33 95 175 171 60 202 91 128 193 102 82 44 133 114 90 185 25 134 61 144 117 183 55 16 97 167 92 109 73 152 89 72 177 147 145 143 194 40 80 169 17 21 151 29 129 11 139 65 111 138 23 78 68 190 83 24 103 56 155 126 172 34 119 53 163 84 85 41 116 176 18 19 120 87 47 174 22 121 165 168 198 74 50 36 59 39 26 88 5 52 192 166 178 62 49 94 153 3 105 35 186 77 46 191 146 100 110 154 8 9 99 2 42 20 201 162 148 101 104 130 76 43 37 159 31 157 140 118 71 125 66 187 196 38 131 70 28 67 123 124 195 14 199 141 81 7 113 63 30 64 45 197 135 13 12 75 132 48 160 4 32 164 200 184 54 137 173 189 158 106 15 51 10 142 182 96 136 93 188 203 156 6 108 112 86 69
149 1 107 180 161 115 181 179 122 127 57 150 79 204 27 58 170 98 33 95 175 171 60 202 91 128 193 102 82 44 133 114 90 185 25 134 61 144 117 183 55 16 97 167 92 109 73 152 89 72 177 147 145 143 194 40 80 169 17 21 151 29 129 11 139 65 111 138 23 78 68 190 83 24 103 56 155 126 172 34 119 53 163 84 85 41 116 176 18 19 120 87 47 174 22 121 165 168 198 74 50 36 59 39 26 88 5 52 192 166 178 62 49 94 153 3 105 35 186 77 46 191 146 100 110 154 8 9 99 2 42 20 201 162 148 101 104 130 76 43 37 159 31 157 140 118 71 125 66 187 196 38 131 70 28 67 123 124 195 14 199 141 81 7 113 63 30 64 45 197 135 13 12 75 132 48 160 4 32 164 200 184 54 137 173 189 158 106 15 51 10 142 182 96 136 93 188 203 156 6 108 112 86 69
149 1 107 180 161 115 181 179 122 127 57 150 79 204 27 58 170 98 33 95 175 171 60 202 91 128 193 102 82 44 133 114 90 185 25 134 61 144 117 183 55 16 97 167 92 109 73 152 89 72 177 147 145 143 194 40 80 169 17 21 151 29 129 11 139 65 111 138 23 78 68 190 83 24 103 56 155 126 172 34 119 53 163 84 85 41 116 176 18 19 120 87 47 174 22 121 165 168 198 74 50 36 59 39 26 88 5 52 192 166 178 62 49 94 153 3 105 35 186 77 46 191 146 100 110 154 8 9 99 2 42 20 201 162 148 101 104 130 76 43 37 159 31 157 140 118 71 125 66 187 196 38 131 70 28 67 123 124 195 14 199 141 81 7 113 63 30 64 45 197 135 13 12 75 132 48 160 4 32 164 200 184 54 137 173 189 158 106 15 51 10 142 182 96 136 93 188 203 156 6 108 112 86 69
149 1 107 180 161 115 181 179 122 127 57 150 79 204 27 58 170 98 33 95 175 171 60 202 91 128 193 102 82 44 133 114 90 185 25 134 61 144 117 183 55 16 97 167 92 109 73 152 89 72 177 147 145 143 194 40 80 169 17 21 151 29 129 11 139 65 111 138 23 78 68 190 83 24 103 56 155 126 172 34 119 53 163 84 85 41 116 176 18 19 120 87 47 174 22 121 165 168 198 74 50 36 59 39 26 88 5 52 192 166 178 62 49 94 153 3 105 35 186 77 46 191 146 100 110 154 8 9 99 2 42 20 201 162 148 101 104 130 76 43 37 159 31 157 140 118 71 125 66 187 196 38 131 70 28 67 123 124 195 14 199 141 81 7 113 63 30 64 45 197 135 13 12 75 132 48 160 4 32 164 200 184 54 137 173 189 158 106 15 51 10 142 182 96 136 93 188 203 156 6 108 112 86 69
149 1 107 180 161 115 181 179 122 127 57 150 79 204 27 58 170 98 33 95 175 171 60 202 91 128 193 102 82 44 133 114 90 185 25 134 61 144 117 183 55 16 97 167 92 109 73 152 89 72 177 147 145 143 194 40 80 169 17 21 151 29 129 11 139 65 111 138 23 78 68 190 83 24 103 56 155 126 172 34 119 53 163 84 85 41 116 176 18 19 120 87 47 174 22 121 165 168 198 74 50 36 59 39 26 88 5 52 192 166 178 62 49 94 153 3 105 35 186 77 46 191 146 100 110 154 8 9 99 2 42 20 201 162 148 101 104 130 76 43 37 159 31 157 140 118 71 125 66 187 196 38 131 70 28 67 123 124 195 14 199 141 81 7 113 63 30 64 45 197 135 13 12 75 132 48 160 4 32 164 200 184 54 137 173 189 158 106 15 51 10 142 182 96 136 93 188 203 156 6 108 112 86 69
149 1 107 180 161 115 181 179 122 127 57 150 79 204 27 58 170 98 33 95 175 171 60 202 91 128 193 102 82 44 133 114 90 185 25 134 61 144 117 183 55 16 97 167 92 109 73 152 89 72 177 147 145 143 194 40 80 169 17 21 151 29 129 11 139 65 111 138 23 78 68 190 83 24 103 56 155 126 172 34 119 53 163 84 85 41 116 176 18 19 120 87 47 174 22 121 165 168 198 74 50 36 59 39 26 88 5 52 192 166 178 62 49 94 153 3 105 35 186 77 46 191 146 100 110 154 8 9 99 2 42 20 201 162 148 101 104 130 76 43 37 159 31 157 140 118 71 125 66 187 196 38 131 70 28 67 123 124 195 14 199 141 81 7 113 63 30 64 45 197 135 13 12 75 132 48 160 4 32 164 200 184 54 137 173 189 158 106 15 51 10 142 182 96 136 93 188 203 156 6 108 112 86 69
43 24 126 33 74 108 53 196 40 119 48 163 200 182 159 128 2 175 78 198 68 31 42 1 185 130 171 35 54 57 197 16 179 41 47 63 59 77 190 124 98 26 80 107 81 82 117 131 173 103 73 9 195 125 202 152 120 186 144 49 15 150 27 76 51 56 122 96 161 65 84 188 155 6 129 151 201 192 4 138 93 114 32 102 87 90 169 146 141 55 180 7 127 17 75 97 199 183 203 154 64 142 178 101 88 8 156 109 39 160 79 162 58 3 28 111 166 92 19 133 30 10 191 85 91 145 105 69 50 99 168 60 95 123 118 37 187 184 148 89 110 13 193 100 172 112 29 115 158 61 164 121 104 23 147 62 22 204 70 66 139 106 167 181 165 11 157 176 134 94 113 174 135 52 5 149 194 38 137 170 71 140 18 45 189 12 46 21 177 136 72 14 25 20 36 143 67 44 153 86 116 132 34 83
43 24 126 33 74 108 53 196 40 119 48 163 200 182 159 128 2 175 78 198 68 31 42 1 185 130 171 35 54 57 197 16 179 41 47 63 59 77 190 124 98 26 80 107 81 82 117 131 173 103 73 9 195 125 202 152 120 186 144 49 15 150 27 76 51 56 122 96 161 65 84 188 155 6 129 151 201 192 4 138 93 114 32 102 87 90 169 146 141 55 180 7 127 17 75 97 199 183 203 154 64 142 178 101 88 8 156 109 39 160 79 162 58 3 28 111 166 92 19 133 30 10 191 85 91 145 105 69 50 99 168 60 95 123 118 37 187 184 148 89 110 13 193 100 172 112 29 115 158 61 164 121 104 23 147 62 22 204 70 66 139 106 167 181 165 11 157 176 134 94 113 174 135 52 5 149 194 38 137 170 71 140 18 45 189 12 46 21 177 136 72 14 25 20 36 143 67 44 153 86 116 132 34 83
43 24 126 33 74 108 53 196 40 119 48 163 200 182 159 128 2 175 78 198 68 31 42 1 185 130 171 35 54 57 197 16 179 41 47 63 59 77 190 124 98 26 80 107 81 82 117 131 173 103 73 9 195 125 202 152 120 186 144 49 15 150 27 76 51 56 122 96 161 65 84 188 155 6 129 151 201 192 4 138 93 114 32 102 87 90 169 146 141 55 180 7 127 17 75 97 199 183 203 154 64 142 178 101 88 8 156 109 39 160 79 162 58 3 28 111 166 92 19 133 30 10 191 85 91 145 105 69 50 99 168 60 95 123 118 37 187 184 148 89 110 13 193 100 172 112 29 115 158 61 164 121 104 23 147 62 22 204 70 66 139 106 167 181 165 11 157 176 134 94 113 174 135 52 5 149 194 38 137 170 71 140 18 45 189 12 46 21 177 136 72 14 25 20 36 143 67 44 153 86 116 132 34 83
43 24 126 33 74 108 53 196 40 119 48 163 200 182 159 128 2 175 78 198 68 31 42 1 185 130 171 35 54 57 197 16 179 41 47 63 59 77 190 124 98 26 80 107 81 82 117 131 173 103 73 9 195 125 202 152 120 186 144 49 15 150 27 76 51 56 122 96 161 65 84 188 155 6 129 151 201 192 4 138 93 114 32 102 87 90 169 146 141 55 180 7 127 17 75 97 199 183 203 154 64 142 178 101 88 8 156 109 39 160 79 162 58 3 28 111 166 92 19 133 30 10 191 85 91 145 105 69 50 99 168 60 95 123 118 37 187 184 148 89 110 13 193 100 172 112 29 115 158 61 164 121 104 23 147 62 22 204 70 66 139 106 167 181 165 11 157 176 134 94 113 174 135 52 5 149 194 38 137 170 71 140 18 45 189 12 46 21 177 136 72 14 25 20 36 143 67 44 153 86 116 132 34 83
43 24 126 33 74 108 53 196 40 119 48 163 200 182 159 128 2 175 78 198 68 31 42 1 185 130 171 35 54 57 197 16 179 41 47 63 59 77 190 124 98 26 80 107 81 82 117 131 173 103 73 9 195 125 202 152 120 186 144 49 15 150 27 76 51 56 122 96 161 65 84 188 155 6 129 151 201 192 4 138 93 114 32 102 87 90 169 146 141 55 180 7 127 17 75 97 199 183 203 154 64 142 178 101 88 8 156 109 39 160 79 162 58 3 28 111 166 92 19 133 30 10 191 85 91 145 105 69 50 99 168 60 95 123 118 37 187 184 148 89 110 13 193 100 172 112 29 115 158 61 164 121 104 23 147 62 22 204 70 66 139 106 167 181 165 11 157 176 134 94 113 174 135 52 5 149 194 38 137 170 71 140 18 45 189 12 46 21 177 136 72 14 25 20 36 143 67 44 153 86 116 132 34 83
43 24 126 33 74 108 53 196 40 119 48 163 200 182 159 128 2 175 78 198 68 31 42 1 185 130 171 35 54 57 197 16 179 41 47 63 59 77 190 124 98 26 80 107 81 82 117 131 173 103 73 9 195 125 202 152 120 186 144 49 15 150 27 76 51 56 122 96 161 65 84 188 155 6 129 151 201 192 4 138 93 114 32 102 87 90 169 146 141 55 180 7 127 17 75 97 199 183 203 154 64 142 178 101 88 8 156 109 39 160 79 162 58 3 28 111 166 92 19 133 30 10 191 85 91 145 105 69 50 99 168 60 95 123 118 37 187 184 148 89 110 13 193 100 172 112 29 115 158 61 164 121 104 23 147 62 22 204 70 66 139 106 167 181 165 11 157 176 134 94 113 174 135 52 5 149 194 38 137 170 71 140 18 45 189 12 46 21 177 136 72 14 25 20 36 143 67 44 153 86 116 132 34 83
43 24 126 33 74 108 53 196 40 119 48 163 200 182 159 128 2 175 78 198 68 31 42 1 185 130 171 35 54 57 197 16 179 41 47 63 59 77 190 124 98 26 80 107 81 82 117 131 173 103 73 9 195 125 202 152 120 186 144 49 15 150 27 76 51 56 122 96 161 65 84 188 155 6 129 151 201 192 4 138 93 114 32 102 87 90 169 146 141 55 180 7 127 17 75 97 199 183 203 154 64 142 178 101 88 8 156 109 39 160 79 162 58 3 28 111 166 92 19 133 30 10 191 85 91 145 105 69 50 99 168 60 95 123 118 37 187 184 148 89 110 13 193 100 172 112 29 115 158 61 164 121 104 23 147 62 22 204 70 66 139 106 167 181 165 11 157 176 134 94 113 174 135 52 5 149 194 38 137 170 71 140 18 45 189 12 46 21 177 136 72 14 25 20 36 143 67 44 153 86 116 132 34 83
43 24 126 33 74 108 53 196 40 119 48 163 200 182 159 128 2 175 78 198 68 31 42 1 185 130 171 35 54 57 197 16 179 41 47 63 59 77 190 124 98 26 80 107 81 82 117 131 173 103 73 9 195 125 202 152 120 186 144 49 15 150 27 76 51 56 122 96 161 65 84 188 155 6 129 151 201 192 4 138 93 114 32 102 87 90 169 146 141 55 180 7 127 17 75 97 199 183 203 154 64 142 178 101 88 8 156 109 39 160 79 162 58 3 28 111 166 92 19 133 30 10 191 85 91 145 105 69 50 99 168 60 95 123 118 37 187 184 148 89 110 13 193 100 172 112 29 115 158 61 164 121 104 23 147 62 22 204 70 66 139 106 167 181 165 11 157 176 134 94 113 174 135 52 5 149 194 38 137 170 71 140 18 45 189 12 46 21 177 136 72 14 25 20 36 143 67 44 153 86 116 132 34 83
43 24 126 33 74 108 53 196 40 119 48 163 200 182 159 128 2 175 78 198 68 31 42 1 185 130 171 35 54 57 197 16 179 41 47 63 59 77 190 124 98 26 80 107 81 82 117 131 173 103 73 9 195 125 202 152 120 186 144 49 15 150 27 76 51 56 122 96 161 65 84 188 155 6 129 151 201 192 4 138 93 114 32 102 87 90 169 146 141 55 180 7 127 17 75 97 199 183 203 154 64 142 178 101 88 8 156 109 39 160 79 162 58 3 28 111 166 92 19 133 30 10 191 85 91 145 105 69 50 99 168 60 95 123 118 37 187 184 148 89 110 13 193 100 172 112 29 115 158 61 164 121 104 23 147 62 22 204 70 66 139 106 167 181 165 11 157 176 134 94 113 174 135 52 5 149 194 38 137 170 71 140 18 45 189 12 46 21 177 136 72 14 25 20 36 143 67 44 153 86 116 132 34 83
43 24 126 33 74 108 53 196 40 119 48 163 200 182 159 128 2 175 78 198 68 31 42 1 185 130 171 35 54 57 197 16 179 41 47 63 59 77 190 124 98 26 80 107 81 82 117 131 173 103 73 9 195 125 202 152 120 186 144 49 15 150 27 76 51 56 122 96 161 65 84 188 155 6 129 151 201 192 4 138 93 114 32 102 87 90 169 146 141 55 180 7 127 17 75 97 199 183 203 154 64 142 178 101 88 8 156 109 39 160 79 162 58 3 28 111 166 92 19 133 30 10 191 85 91 145 105 69 50 99 168 60 95 123 118 37 187 184 148 89 110 13 193 100 172 112 29 115 158 61 164 121 104 23 147 62 22 204 70 66 139 106 167 181 165 11 157 176 134 94 113 174 135 52 5 149 194 38 137 170 71 140 18 45 189 12 46 21 177 136 72 14 25 20 36 143 67 44 153 86 116 132 34 83
43 24 126 33 74 108 53 196 40 119 48 163 200 182 159 128 2 175 78 198 68 31 42 1 185 130 171 35 54 57 197 16 179 41 47 63 59 77 190 124 98 26 80 107 81 82 117 131 173 103 73 9 195 125 202 152 120 186 144 49 15 150 27 76 51 56 122 96 161 65 84 188 155 6 129 151 201 192 4 138 93 114 32 102 87 90 169 146 141 55 180 7 127 17 75 97 199 183 203 154 64 142 178 101 88 8 156 109 39 160 79 162 58 3 28 111 166 92 19 133 30 10 191 85 91 145 105 69 50 99 168 60 95 123 118 37 187 184 148 89 110 13 193 100 172 112 29 115 158 61 164 121 104 23 147 62 22 204 70 66 139 106 167 181 165 11 157 176 134 94 113 174 135 52 5 149 194 38 137 170 71 140 18 45 189 12 46 21 177 136 72 14 25 20 36 143 67 44 153 86 116 132 34 83
43 24 126 33 74 108 53 196 40 119 48 163 200 182 159 128 2 175 78 198 68 31 42 1 185 130 171 35 54 57 197 16 179 41 47 63 59 77 190 124 98 26 80 107 81 82 117 131 173 103 73 9 195 125 202 152 120 186 144 49 15 150 27 76 51 56 122 96 161 65 84 188 155 6 129 151 201 192 4 138 93 114 32 102 87 90 169 146 141 55 180 7 127 17 75 97 199 183 203 154 64 142 178 101 88 8 156 109 39 160 79 162 58 3 28 111 166 92 19 133 30 10 191 85 91 145 105 69 50 99 168 60 95 123 118 37 187 184 148 89 110 13 193 100 172 112 29 115 158 61 164 121 104 23 147 62 22 204 70 66 139 106 167 181 165 11 157 176 134 94 113 174 135 52 5 149 194 38 137 170 71 140 18 45 189 12 46 21 177 136 72 14 25 20 36 143 67 44 153 86 116 132 34 83
43 24 126 33 74 108 53 196 40 119 48 163 200 182 159 128 2 175 78 198 68 31 42 1 185 130 171 35 54 57 197 16 179 41 47 63 59 77 190 124 98 26 80 107 81 82 117 131 173 103 73 9 195 125 202 152 120 186 144 49 15 150 27 76 51 56 122 96 161 65 84 188 155 6 129 151 201 192 4 138 93 114 32 102 87 90 169 146 141 55 180 7 127 17 75 97 199 183 203 154 64 142 178 101 88 8 156 109 39 160 79 162 58 3 28 111 166 92 19 133 30 10 191 85 91 145 105 69 50 99 168 60 95 123 118 37 187 184 148 89 110 13 193 100 172 112 29 115 158 61 164 121 104 23 147 62 22 204 70 66 139 106 167 181 165 11 157 176 134 94 113 174 135 52 5 149 194 38 137 170 71 140 18 45 189 12 46 21 177 136 72 14 25 20 36 143 67 44 153 86 116 132 34 83
43 24 126 33 74 108 53 196 40 119 48 163 200 182 159 128 2 175 78 198 68 31 42 1 185 130 171 35 54 57 197 16 179 41 47 63 59 77 190 124 98 26 80 107 81 82 117 131 173 103 73 9 195 125 202 152 120 186 144 49 15 150 27 76 51 56 122 96 161 65 84 188 155 6 129 151 201 192 4 138 93 114 32 102 87 90 169 146 141 55 180 7 127 17 75 97 199 183 203 154 64 142 178 101 88 8 156 109 39 160 79 162 58 3 28 111 166 92 19 133 30 10 191 85 91 145 105 69 50 99 168 60 95 123 118 37 187 184 148 89 110 13 193 100 172 112 29 115 158 61 164 121 104 23 147 62 22 204 70 66 139 106 167 181 165 11 157 176 134 94 113 174 135 52 5 149 194 38 137 170 71 140 18 45 189 12 46 21 177 136 72 14 25 20 36 143 67 44 153 86 116 132 34 83
43 24 126 33 74 108 53 196 40 119 48 163 200 182 159 128 2 175 78 198 68 31 42 1 185 130 171 35 54 57 197 16 179 41 47 63 59 77 190 124 98 26 80 107 81 82 117 131 173 103 73 9 195 125 202 152 120 186 144 49 15 150 27 76 51 56 122 96 161 65 84 188 155 6 129 151 201 192 4 138 93 114 32 102 87 90 169 146 141 55 180 7 127 17 75 97 199 183 203 154 64 142 178 101 88 8 156 109 39 160 79 162 58 3 28 111 166 92 19 133 30 10 191 85 91 145 105 69 50 99 168 60 95 123 118 37 187 184 148 89 110 13 193 100 172 112 29 115 158 61 164 121 104 23 147 62 22 204 70 66 139 106 167 181 165 11 157 176 134 94 113 174 135 52 5 149 194 38 137 170 71 140 18 45 189 12 46 21 177 136 72 14 25 20 36 143 67 44 153 86 116 132 34 83
43 24 126 33 74 108 53 196 40 119 48 163 200 182 159 128 2 175 78 198 68 31 42 1 185 130 171 35 54 57 197 16 179 41 47 63 59 77 190 124 98 26 80 107 81 82 117 131 173 103 73 9 195 125 202 152 120 186 144 49 15 150 27 76 51 56 122 96 161 65 84 188 155 6 129 151 201 192 4 138 93 114 32 102 87 90 169 146 141 55 180 7 127 17 75 97 199 183 203 154 64 142 178 101 88 8 156 109 39 160 79 162 58 3 28 111 166 92 19 133 30 10 191 85 91 145 105 69 50 99 168 60 95 123 118 37 187 184 148 89 110 13 193 100 172 112 29 115 158 61 164 121 104 23 147 62 22 204 70 66 139 106 167 181 165 11 157 176 134 94 113 174 135 52 5 149 194 38 137 170 71 140 18 45 189 12 46 21 177 136 72 14 25 20 36 143 67 44 153 86 116 132 34 83
43 24 126 33 74 108 53 196 40 119 48 163 200 182 159 128 2 175 78 198 68 31 42 1 185 130 171 35 54 57 197 16 179 41 47 63 59 77 190 124 98 26 80 107 81 82 117 131 173 103 73 9 195 125 202 152 120 186 144 49 15 150 27 76 51 56 122 96 161 65 84 188 155 6 129 151 201 192 4 138 93 114 32 102 87 90 169 146 141 55 180 7 127 17 75 97 199 183 203 154 64 142 178 101 88 8 156 109 39 160 79 162 58 3 28 111 166 92 19 133 30 10 191 85 91 145 105 69 50 99 168 60 95 123 118 37 187 184 148 89 110 13 193 100 172 112 29 115 158 61 164 121 104 23 147 62 22 204 70 66 139 106 167 181 165 11 157 176 134 94 113 174 135 52 5 149 194 38 137 170 71 140 18 45 189 12 46 21 177 136 72 14 25 20 36 143 67 44 153 86 116 132 34 83
43 24 126 33 74 108 53 196 40 119 48 163 200 182 159 128 2 175 78 198 68 31 42 1 185 130 171 35 54 57 197 16 179 41 47 63 59 77 190 124 98 26 80 107 81 82 117 131 173 103 73 9 195 125 202 152 120 186 144 49 15 150 27 76 51 56 122 96 161 65 84 188 155 6 129 151 201 192 4 138 93 114 32 102 87 90 169 146 141 55 180 7 127 17 75 97 199 183 203 154 64 142 178 101 88 8 156 109 39 160 79 162 58 3 28 111 166 92 19 133 30 10 191 85 91 145 105 69 50 99 168 60 95 123 118 37 187 184 148 89 110 13 193 100 172 112 29 115 158 61 164 121 104 23 147 62 22 204 70 66 139 106 167 181 165 11 157 176 134 94 113 174 135 52 5 149 194 38 137 170 71 140 18 45 189 12 46 21 177 136 72 14 25 20 36 143 67 44 153 86 116 132 34 83
43 24 126 33 74 108 53 196 40 119 48 163 200 182 159 128 2 175 78 198 68 31 42 1 185 130 171 35 54 57 197 16 179 41 47 63 59 77 190 124 98 26 80 107 81 82 117 131 173 103 73 9 195 125 202 152 120 186 144 49 15 150 27 76 51 56 122 96 161 65 84 188 155 6 129 151 201 192 4 138 93 114 32 102 87 90 169 146 141 55 180 7 127 17 75 97 199 183 203 154 64 142 178 101 88 8 156 109 39 160 79 162 58 3 28 111 166 92 19 133 30 10 191 85 91 145 105 69 50 99 168 60 95 123 118 37 187 184 148 89 110 13 193 100 172 112 29 115 158 61 164 121 104 23 147 62 22 204 70 66 139 106 167 181 165 11 157 176 134 94 113 174 135 52 5 149 194 38 137 170 71 140 18 45 189 12 46 21 177 136 72 14 25 20 36 143 67 44 153 86 116 132 34 83
43 24 126 33 74 108 53 196 40 119 48 163 200 182 159 128 2 175 78 198 68 31 42 1 185 130 171 35 54 57 197 16 179 41 47 63 59 77 190 124 98 26 80 107 81 82 117 131 173 103 73 9 195 125 202 152 120 186 144 49 15 150 27 76 51 56 122 96 161 65 84 188 155 6 129 151 201 192 4 138 93 114 32 102 87 90 169 146 141 55 180 7 127 17 75 97 199 183 203 154 64 142 178 101 88 8 156 109 39 160 79 162 58 3 28 111 166 92 19 133 30 10 191 85 91 145 105 69 50 99 168 60 95 123 118 37 187 184 148 89 110 13 193 100 172 112 29 115 158 61 164 121 104 23 147 62 22 204 70 66 139 106 167 181 165 11 157 176 134 94 113 174 135 52 5 149 194 38 137 170 71 140 18 45 189 12 46 21 177 136 72 14 25 20 36 143 67 44 153 86 116 132 34 83
43 24 126 33 74 108 53 196 40 119 48 163 200 182 159 128 2 175 78 198 68 31 42 1 185 130 171 35 54 57 197 16 179 41 47 63 59 77 190 124 98 26 80 107 81 82 117 131 173 103 73 9 195 125 202 152 120 186 144 49 15 150 27 76 51 56 122 96 161 65 84 188 155 6 129 151 201 192 4 138 93 114 32 102 87 90 169 146 141 55 180 7 127 17 75 97 199 183 203 154 64 142 178 101 88 8 156 109 39 160 79 162 58 3 28 111 166 92 19 133 30 10 191 85 91 145 105 69 50 99 168 60 95 123 118 37 187 184 148 89 110 13 193 100 172 112 29 115 158 61 164 121 104 23 147 62 22 204 70 66 139 106 167 181 165 11 157 176 134 94 113 174 135 52 5 149 194 38 137 170 71 140 18 45 189 12 46 21 177 136 72 14 25 20 36 143 67 44 153 86 116 132 34 83
43 24 126 33 74 108 53 196 40 119 48 163 200 182 159 128 2 175 78 198 68 31 42 1 185 130 171 35 54 57 197 16 179 41 47 63 59 77 190 124 98 26 80 107 81 82 117 131 173 103 73 9 195 125 202 152 120 186 144 49 15 150 27 76 51 56 122 96 161 65 84 188 155 6 129 151 201 192 4 138 93 114 32 102 87 90 169 146 141 55 180 7 127 17 75 97 199 183 203 154 64 142 178 101 88 8 156 109 39 160 79 162 58 3 28 111 166 92 19 133 30 10 191 85 91 145 105 69 50 99 168 60 95 123 118 37 187 184 148 89 110 13 193 100 172 112 29 115 158 61 164 121 104 23 147 62 22 204 70 66 139 106 167 181 165 11 157 176 134 94 113 174 135 52 5 149 194 38 137 170 71 140 18 45 189 12 46 21 177 136 72 14 25 20 36 143 67 44 153 86 116 132 34 83
43 24 126 33 74 108 53 196 40 119 48 163 200 182 159 128 2 175 78 198 68 31 42 1 185 130 171 35 54 57 197 16 179 41 47 63 59 77 190 124 98 26 80 107 81 82 117 131 173 103 73 9 195 125 202 152 120 186 144 49 15 150 27 76 51 56 122 96 161 65 84 188 155 6 129 151 201 192 4 138 93 114 32 102 87 90 169 146 141 55 180 7 127 17 75 97 199 183 203 154 64 142 178 101 88 8 156 109 39 160 79 162 58 3 28 111 166 92 19 133 30 10 191 85 91 145 105 69 50 99 168 60 95 123 118 37 187 184 148 89 110 13 193 100 172 112 29 115 158 61 164 121 104 23 147 62 22 204 70 66 139 106 167 181 165 11 157 176 134 94 113 174 135 52 5 149 194 38 137 170 71 140 18 45 189 12 46 21 177 136 72 14 25 20 36 143 67 44 153 86 116 132 34 83
43 24 126 33 74 108 53 196 40 119 48 163 200 182 159 128 2 175 78 198 68 31 42 1 185 130 171 35 54 57 197 16 179 41 47 63 59 77 190 124 98 26 80 107 81 82 117 131 173 103 73 9 195 125 202 152 120 186 144 49 15 150 27 76 51 56 122 96 161 65 84 188 155 6 129 151 201 192 4 138 93 114 32 102 87 90 169 146 141 55 180 7 127 17 75 97 199 183 203 154 64 142 178 101 88 8 156 109 39 160 79 162 58 3 28 111 166 92 19 133 30 10 191 85 91 145 105 69 50 99 168 60 95 123 118 37 187 184 148 89 110 13 193 100 172 112 29 115 158 61 164 121 104 23 147 62 22 204 70 66 139 106 167 181 165 11 157 176 134 94 113 174 135 52 5 149 194 38 137 170 71 140 18 45 189 12 46 21 177 136 72 14 25 20 36 143 67 44 153 86 116 132 34 83
43 24 126 33 74 108 53 196 40 119 48 163 200 182 159 128 2 175 78 198 68 31 42 1 185 130 171 35 54 57 197 16 179 41 47 63 59 77 190 124 98 26 80 107 81 82 117 131 173 103 73 9 195 125 202 152 120 186 144 49 15 150 27 76 51 56 122 96 161 65 84 188 155 6 129 151 201 192 4 138 93 114 32 102 87 90 169 146 141 55 180 7 127 17 75 97 199 183 203 154 64 142 178 101 88 8 156 109 39 160 79 162 58 3 28 111 166 92 19 133 30 10 191 85 91 145 105 69 50 99 168 60 95 123 118 37 187 184 148 89 110 13 193 100 172 112 29 115 158 61 164 121 104 23 147 62 22 204 70 66 139 106 167 181 165 11 157 176 134 94 113 174 135 52 5 149 194 38 137 170 71 140 18 45 189 12 46 21 177 136 72 14 25 20 36 143 67 44 153 86 116 132 34 83
53 83 34 15 105 79 66 145 61 73 58 111 138 160 99 74 13 89 47 185 75 107 92 132 7 49 8 56 60 97 40 122 152 162 11 48 39 1 19 45 29 144 175 204 59 177 62 148 108 141 182 50 165 151 156 106 87 36 196 80 149 72 143 127 33 198 186 202 130 77 183 174 172 64 3 169 121 90 51 96 123 65 199 136 112 184 192 113 155 109 120 16 176 95 10 93 100 57 76 46 189 168 142 17 163 195 153 81 88 126 197 134 101 23 41 63 104 118 200 124 38 25 129 115 164 159 170 6 54 180 12 27 117 103 78 128 190 37 2 67 43 94 157 125 9 179 5 173 133 116 98 22 70 20 68 84 193 167 55 21 85 31 139 91 188 131 71 158 181 26 110 178 119 44 32 154 201 187 203 150 52 191 69 114 86 18 194 14 42 166 28 30 147 82 137 146 135 24 171 35 4 140 102 161
53 83 34 15 105 79 66 145 61 73 58 111 138 160 99 74 13 89 47 185 75 107 92 132 7 49 8 56 60 97 40 122 152 162 11 48 39 1 19 45 29 144 175 204 59 177 62 148 108 141 182 50 165 151 156 106 87 36 196 80 149 72 143 127 33 198 186 202 130 77 183 174 172 64 3 169 121 90 51 96 123 65 199 136 112 184 192 113 155 109 120 16 176 95 10 93 100 57 76 46 189 168 142 17 163 195 153 81 88 126 197 134 101 23 41 63 104 118 200 124 38 25 129 115 164 159 170 6 54 180 12 27 117 103 78 128 190 37 2 67 43 94 157 125 9 179 5 173 133 116 98 22 70 20 68 84 193 167 55 21 85 31 139 91 188 131 71 158 181 26 110 178 119 44 32 154 201 187 203 150 52 191 69 114 86 18 194 14 42 166 28 30 147 82 137 146 135 24 171 35 4 140 102 161
53 83 34 15 105 79 66 145 61 73 58 111 138 160 99 74 13 89 47 185 75 107 92 132 7 49 8 56 60 97 40 122 152 162 11 48 39 1 19 45 29 144 175 204 59 177 62 148 108 141 182 50 165 151 156 106 87 36 196 80 149 72 143 127 33 198 186 202 130 77 183 174 172 64 3 169 121 90 51 96 123 65 199 136 112 184 192 113 155 109 120 16 176 95 10 93 100 57 76 46 189 168 142 17 163 195 153 81 88 126 197 134 101 23 41 63 104 118 200 124 38 25 129 115 164 159 170 6 54 180 12 27 117 103 78 128 190 37 2 67 43 94 157 125 9 179 5 173 133 116 98 22 70 20 68 84 193 167 55 21 85 31 139 91 188 131 71 158 181 26 110 178 119 44 32 154 201 187 203 150 52 191 69 114 86 18 194 14 42 166 28 30 147 82 137 146 135 24 171 35 4 140 102 161
53 83 34 15 105 79 66 145 61 73 58 111 138 160 99 74 13 89 47 185 75 107 92 132 7 49 8 56 60 97 40 122 152 162 11 48 39 1 19 45 29 144 175 204 59 177 62 148 108 141 182 50 165 151 156 106 87 36 196 80 149 72 143 127 33 198 186 202 130 77 183 174 172 64 3 169 121 90 51 96 123 65 199 136 112 184 192 113 155 109 120 16 176 95 10 93 100 57 76 46 189 168 142 17 163 195 153 81 88 126 197 134 101 23 41 63 104 118 200 124 38 25 129 115 164 159 170 6 54 180 12 27 117 103 78 128 190 37 2 67 43 94 157 125 9 179 5 173 133 116 98 22 70 20 68 84 193 167 55 21 85 31 139 91 188 131 71 158 181 26 110 178 119 44 32 154 201 187 203 150 52 191 69 114 86 18 194 14 42 166 28 30 147 82 137 146 135 24 171 35 4 140 102 161
53 83 34 15 105 79 66 145 61 73 58 111 138 160 99 74 13 89 47 185 75 107 92 132 7 49 8 56 60 97 40 122 152 162 11 48 39 1 19 45 29 144 175 204 59 177 62 148 108 141 182 50 165 151 156 106 87 36 196 80 149 72 143 127 33 198 186 202 130 77 183 174 172 64 3 169 121 90 51 96 123 65 199 136 112 184 192 113 155 109 120 16 176 95 10 93 100 57 76 46 189 168 142 17 163 195 153 81 88 126 197 134 101 23 41 63 104 118 200 124 38 25 129 115 164 159 170 6 54 180 12 27 117 103 78 128 190 37 2 67 43 94 157 125 9 179 5 173 133 116 98 22 70 20 68 84 193 167 55 21 85 31 139 91 188 131 71 158 181 26 110 178 119 44 32 154 201 187 203 150 52 191 69 114 86 18 194 14 42 166 28 30 147 82 137 146 135 24 171 35 4 140 102 161
53 83 34 15 105 79 66 145 61 73 58 111 138 160 99 74 13 89 47 185 75 107 92 132 7 49 8 56 60 97 40 122 152 162 11 48 39 1 19 45 29 144 175 204 59 177 62 148 108 141 182 50 165 151 156 106 87 36 196 80 149 72 143 127 33 198 186 202 130 77 183 174 172 64 3 169 121 90 51 96 123 65 199 136 112 184 192 113 155 109 120 16 176 95 10 93 100 57 76 46 189 168 142 17 163 195 153 81 88 126 197 134 101 23 41 63 104 118 200 124 38 25 129 115 164 159 170 6 54 180 12 27 117 103 78 128 190 37 2 67 43 94 157 125 9 179 5 173 133 116 98 22 70 20 68 84 193 167 55 21 85 31 139 91 188 131 71 158 181 26 110 178 119 44 32 154 201 187 203 150 52 191 69 114 86 18 194 14 42 166 28 30 147 82 137 146 135 24 171 35 4 140 102 161
53 83 34 15 105 79 66 145 61 73 58 111 138 160 99 74 13 89 47 185 75 107 92 132 7 49 8 56 60 97 40 122 152 162 11 48 39 1 19 45 29 144 175 204 59 177 62 148 108 141 182 50 165 151 156 106 87 36 196 80 149 72 143 127 33 198 186 202 130 77 183 174 172 64 3 169 121 90 51 96 123 65 199 136 112 184 192 113 155 109 120 16 176 95 10 93 100 57 76 46 189 168 142 17 163 195 153 81 88 126 197 134 101 23 41 63 104 118 200 124 38 25 129 115 164 159 170 6 54 180 12 27 117 103 78 128 190 37 2 67 43 94 157 125 9 179 5 173 133 116 98 22 70 20 68 84 193 167 55 21 85 31 139 91 188 131 71 158 181 26 110 178 119 44 32 154 201 187 203 150 52 191 69 114 86 18 194 14 42 166 28 30 147 82 137 146 135 24 171 35 4 140 102 161
53 83 34 15 105 79 66 145 61 73 58 111 138 160 99 74 13 89 47 185 75 107 92 132 7 49 8 56 60 97 40 122 152 162 11 48 39 1 19 45 29 144 175 204 59 177 62 148 108 141 182 50 165 151 156 106 87 36 196 80 149 72 143 127 33 198 186 202 130 77 183 174 172 64 3 169 121 90 51 96 123 65 199 136 112 184 192 113 155 109 120 16 176 95 10 93 100 57 76 46 189 168 142 17 163 195 153 81 88 126 197 134 101 23 41 63 104 118 200 124 38 25 129 115 164 159 170 6 54 180 12 27 117 103 78 128 190 37 2 67 43 94 157 125 9 179 5 173 133 116 98 22 70 20 68 84 193 167 55 21 85 31 139 91 188 131 71 158 181 26 110 178 119 44 32 154 201 187 203 150 52 191 69 114 86 18 194 14 42 166 28 30 147 82 137 146 135 24 171 35 4 140 102 161
53 83 34 15 105 79 66 145 61 73 58 111 138 160 99 74 13 89 47 185 75 107 92 132 7 49 8 56 60 97 40 122 152 162 11 48 39 1 19 45 29 144 175 204 59 177 62 148 108 141 182 50 165 151 156 106 87 36 196 80 149 72 143 127 33 198 186 202 130 77 183 174 172 64 3 169 121 90 51 96 123 65 199 136 112 184 192 113 155 109 120 16 176 95 10 93 100 57 76 46 189 168 142 17 163 195 153 81 88 126 197 134 101 23 41 63 104 118 200 124 38 25 129 115 164 159 170 6 54 180 12 27 117 103 78 128 190 37 2 67 43 94 157 125 9 179 5 173 133 116 98 22 70 20 68 84 193 167 55 21 85 31 139 91 188 131 71 158 181 26 110 178 119 44 32 154 201 187 203 150 52 191 69 114 86 18 194 14 42 166 28 30 147 82 137 146 135 24 171 35 4 140 102 161
53 83 34 15 105 79 66 145 61 73 58 111 138 160 99 74 13 89 47 185 75 107 92 132 7 49 8 56 60 97 40 122 152 162 11 48 39 1 19 45 29 144 175 204 59 177 62 148 108 141 182 50 165 151 156 106 87 36 196 80 149 72 143 127 33 198 186 202 130 77 183 174 172 64 3 169 121 90 51 96 123 65 199 136 112 184 192 113 155 109 120 16 176 95 10 93 100 57 76 46 189 168 142 17 163 195 153 81 88 126 197 134 101 23 41 63 104 118 200 124 38 25 129 115 164 159 170 6 54 180 12 27 117 103 78 128 190 37 2 67 43 94 157 125 9 179 5 173 133 116 98 22 70 20 68 84 193 167 55 21 85 31 139 91 188 131 71 158 181 26 110 178 119 44 32 154 201 187 203 150 52 191 69 114 86 18 194 14 42 166 28 30 147 82 137 146 135 24 171 35 4 140 102 161
53 83 34 15 105 79 66 145 61 73 58 111 138 160 99 74 13 89 47 185 75 107 92 132 7 49 8 56 60 97 40 122 152 162 11 48 39 1 19 45 29 144 175 204 59 177 62 148 108 141 182 50 165 151 156 106 87 36 196 80 149 72 143 127 33 198 186 202 130 77 183 174 172 64 3 169 121 90 51 96 123 65 199 136 112 184 192 113 155 109 120 16 176 95 10 93 100 57 76 46 189 168 142 17 163 195 153 81 88 126 197 134 101 23 41 63 104 118 200 124 38 25 129 115 164 159 170 6 54 180 12 27 117 103 78 128 190 37 2 67 43 94 157 125 9 179 5 173 133 116 98 22 70 20 68 84 193 167 55 21 85 31 139 91 188 131 71 158 181 26 110 178 119 44 32 154 201 187 203 150 52 191 69 114 86 18 194 14 42 166 28 30 147 82 137 146 135 24 171 35 4 140 102 161
53 83 34 15 105 79 66 145 61 73 58 111 138 160 99 74 13 89 47 185 75 107 92 132 7 49 8 56 60 97 40 122 152 162 11 48 39 1 19 45 29 144 175 204 59 177 62 148 108 141 182 50 165 151 156 106 87 36 196 80 149 72 143 127 33 198 186 202 130 77 183 174 172 64 3 169 121 90 51 96 123 65 199 136 112 184 192 113 155 109 120 16 176 95 10 93 100 57 76 46 189 168 142 17 163 195 153 81 88 126 197 134 101 23 41 63 104 118 200 124 38 25 129 115 164 159 170 6 54 180 12 27 117 103 78 128 190 37 2 67 43 94 157 125 9 179 5 173 133 116 98 22 70 20 68 84 193 167 55 21 85 31 139 91 188 131 71 158 181 26 110 178 119 44 32 154 201 187 203 150 52 191 69 114 86 18 194 14 42 166 28 30 147 82 137 146 135 24 171 35 4 140 102 161
53 83 34 15 105 79 66 145 61 73 58 111 138 160 99 74 13 89 47 185 75 107 92 132 7 49 8 56 60 97 40 122 152 162 11 48 39 1 19 45 29 144 175 204 59 177 62 148 108 141 182 50 165 151 156 106 87 36 196 80 149 72 143 127 33 198 186 202 130 77 183 174 172 64 3 169 121 90 51 96 123 65 199 136 112 184 192 113 155 109 120 16 176 95 10 93 100 57 76 46 189 168 142 17 163 195 153 81 88 126 197 134 101 23 41 63 104 118 200 124 38 25 129 115 164 159 170 6 54 180 12 27 117 103 78 128 190 37 2 67 43 94 157 125 9 179 5 173 133 116 98 22 70 20 68 84 193 167 55 21 85 31 139 91 188 131 71 158 181 26 110 178 119 44 32 154 201 187 203 150 52 191 69 114 86 18 194 14 42 166 28 30 147 82 137 146 135 24 171 35 4 140 102 161
53 83 34 15 105 79 66 145 61 73 58 111 138 160 99 74 13 89 47 185 75 107 92 132 7 49 8 56 60 97 40 122 152 162 11 48 39 1 19 45 29 144 175 204 59 177 62 148 108 141 182 50 165 151 156 106 87 36 196 80 149 72 143 127 33 198 186 202 130 77 183 174 172 64 3 169 121 90 51 96 123 65 199 136 112 184 192 113 155 109 120 16 176 95 10 93 100 57 76 46 189 168 142 17 163 195 153 81 88 126 197 134 101 23 41 63 104 118 200 124 38 25 129 115 164 159 170 6 54 180 12 27 117 103 78 128 190 37 2 67 43 94 157 125 9 179 5 173 133 116 98 22 70 20 68 84 193 167 55 21 85 31 139 91 188 131 71 158 181 26 110 178 119 44 32 154 201 187 203 150 52 191 69 114 86 18 194 14 42 166 28 30 147 82 137 146 135 24 171 35 4 140 102 161
53 83 34 15 105 79 66 145 61 73 58 111 138 160 99 74 13 89 47 185 75 107 92 132 7 49 8 56 60 97 40 122 152 162 11 48 39 1 19 45 29 144 175 204 59 177 62 148 108 141 182 50 165 151 156 106 87 36 196 80 149 72 143 127 33 198 186 202 130 77 183 174 172 64 3 169 121 90 51 96 123 65 199 136 112 184 192 113 155 109 120 16 176 95 10 93 100 57 76 46 189 168 142 17 163 195 153 81 88 126 197 134 101 23 41 63 104 118 200 124 38 25 129 115 164 159 170 6 54 180 12 27 117 103 78 128 190 37 2 67 43 94 157 125 9 179 5 173 133 116 98 22 70 20 68 84 193 167 55 21 85 31 139 91 188 131 71 158 181 26 110 178 119 44 32 154 201 187 203 150 52 191 69 114 86 18 194 14 42 166 28 30 147 82 137 146 135 24 171 35 4 140 102 161
53 83 34 15 105 79 66 145 61 73 58 111 138 160 99 74 13 89 47 185 75 107 92 132 7 49 8 56 60 97 40 122 152 162 11 48 39 1 19 45 29 144 175 204 59 177 62 148 108 141 182 50 165 151 156 106 87 36 196 80 149 72 143 127 33 198 186 202 130 77 183 174 172 64 3 169 121 90 51 96 123 65 199 136 112 184 192 113 155 109 120 16 176 95 10 93 100 57 76 46 189 168 142 17 163 195 153 81 88 126 197 134 101 23 41 63 104 118 200 124 38 25 129 115 164 159 170 6 54 180 12 27 117 103 78 128 190 37 2 67 43 94 157 125 9 179 5 173 133 116 98 22 70 20 68 84 193 167 55 21 85 31 139 91 188 131 71 158 181 26 110 178 119 44 32 154 201 187 203 150 52 191 69 114 86 18 194 14 42 166 28 30 147 82 137 146 135 24 171 35 4 140 102 161
