518515975
441489874
976886960
416444928
595227104
46012178
797449033
961302534
914464702
434861836
617605937
914318450
405151330
474718515
488261669
811373697
670339755
553323392
396910827
471815519
942209546
218470235
616195895
142386446
915907545
897988389
960289896
710396188
53012859
616397693
453569172
415221285
755583130
322189439
513422702
442227734
416391361
980996325
393877475
489117603
8021840
982982940
91428916
371065989
555067349
693084555
100384058
530396314
342574686
610761775
148709551
229100894
542215839
288755720
875663416
669374085
392888523
321443043
583414720
513663230
350533948
996606140
945936773
368905772
37834863
116963550
268043951
480623545
794492457
311873610
779424791
353827136
288175938
871290558
698997758
373509598
294215604
94279263
639243717
747071401
977970549
401827655
684127881
640993465
577991218
940219299
218335708
711382754
398185226
305693724
858194748
464567920
652288522
899580166
827777302
667885793
656608584
356892870
261714154
793434720
182335646
675735708
221908526
206162346
18079254
464843686
303720231
940311758
59679449
963131060
121117838
512133940
87563404
204504556
169978673
634105461
801655105
281263699
416691479
456973451
895052350
190407080
105659193
876099867
393490671
55782086
549631476
580935721
25865899
756995628
777874071
723150886
302775554
34000281
53938208
808037600
403536573
989607507
149366368
687140615
553330233
235467221
268782859
728852022
697903089
754929551
51877319
387870275
118650012
559664512
922820390
904419592
218268043
123344876
550787755
710787017
131665350
721173415
562369888
826785322
689995445
915176187
174289694
600577059
232962512
472345542
947736722
817244442
405008983
487679018
623661448
920418028
937146317
575271678
271312117
22728813
510365641
420643343
930260594
201890137
389827823
962459439
411579912
864848350
365261490
373468728
246500491
253279319
9297133
315933588
487834467
482543400
168264992
962410351
63998658
1723053
449364830
140889769
664010031
993865171
175337328
119635881
508868835
731082490
923642799
257080944
982598028
947110775
518126879
462008278
712007310
402069886
673523497
667110867
611859413
471709422
608718143
911491943
564662866
832470435
734682004
478098770
808947041
147133227
234955413
1086598
662679938
648395077
308597460
906762045
278964371
934339017
947700027
796236027
992762003
663701551
903533925
474508969
435104000
802836017
628507225
873069134
380983029
453657707
425524199
232761589
275388616
766599812
320766967
138560229
787342505
268974697
629802297
77990478
830196718
636829425
106475549
484745607
720118102
339093908
415966020
963680430
206324749
44716005
50068210
713299498
911148768
600622032
937867874
435573793
636417073
958851426
131399005
299870037
56088210
987334582
290266978
117347473
286671795
160970106
814379229
446643299
786821508
426770829
691378162
298245596
861658054
816297702
434108672
341246570
636525665
185300479
149038673
903105653
965830999
879394540
722309574
894784410
143778080
430269132
287965644
505864430
127955020
696610796
343681517
3278056
371910414
59921192
32301341
880851672
809658431
981526855
458906754
81896499
944348304
539465425
914577983
17550797
892500718
310923250
870013348
426445685
275874445
387290968
726279872
223228329
521548652
853643703
523336400
482880535
889578177
699002717
965160284
932217921
596001909
669017198
309579812
902171931
638000106
740571167
505711965
261626708
855992076
549805584
331755144
333981744
195690261
134141724
460379157
511310108
755787075
688395292
417870887
254294596
509954598
403073112
635893474
845083073
899608137
281836022
929405380
497064669
59766475
498540886
315283551
81661488
769613671
787965241
326926455
242038617
988700119
280972921
47535263
63630400
26636592
287285329
205647692
415883819
487565374
765554771
622180584
308528371
766826705
408046682
963363748
187442149
834190343
758863308
739940809
620299398
374325237
8042461
798422262
573360385
697068226
292648332
993293198
855344071
913275461
305130670
526098439
547571452
535328421
52766164
906463625
5611291
146882464
534327365
543251056
718465675
856180181
108344245
843733962
74337366
714291144
404808573
961071849
620886970
270980272
803545252
76146683
266294325
178932455
230591286
778014576
609133345
955646853
361138327
464940310
629768039
286194444
353642566
571910419
796297978
85030341
446892415
629507043
468365348
480908104
461856296
96151667
245014574
177903543
671271250
92404070
743500897
912350178
88049875
545520049
252494809
523008410
770312555
356416348
689652532
11541353
274277987
600571051
779056102
269269823
771793216
363186124
821008685
833220090
994411654
126843248
941605599
357672402
532857666
2773609
327215281
289733172
259545489
816744197
895947426
570944683
182496644
623724093
490967982
366290260
884434723
919150200
746880050
870837772
980291490
558214529
574697691
864928303
730484326
200389865
892245825
731813208
102550349
957969649
850532163
533030359
709993428
940760561
351613929
674081123
11364068
888790698
654934082
943919227
875187371
18613515
305373948
594920134
459104639
781961226
981090307
25269106
257883576
569340265
735159677
181337960
799017787
334552610
631537885
545015012
385267510
834267196
975582535
498289238
227717106
436229604
359857383
151429518
711104533
892542398
134507882
72583045
195643354
899541603
375960762
56860488
307729384
44943082
254985349
418213794
180284365
96872822
997537229
358840908
243511343
469879122
989121961
947237081
186573057
646347480
458740032
831630197
672526675
169023787
740766010
309079762
84309353
194507570
991465977
757403574
558473282
364244945
436683209
260375121
114226169
659732823
761748478
487705202
779267967
718632370
887475462
717680909
729323466
73496830
563377224
568812516
370029862
990206769
161917651
736365759
458734309
878145790
275754039
615732517
925752536
799221458
53278468
490524980
94458530
120776868
154502900
843195090
419538507
188441475
525160801
246476430
595701908
744163875
939084123
617806488
781128522
947998637
880265765
970355716
476340919
719729314
936045376
348376861
939544293
968972261
787628015
109671818
83631721
623362379
967201870
465122863
541537712
232109244
228442530
491701850
627969709
382143974
764135371
521656308
724510227
62834912
754041279
504868264
580100051
260978916
222421357
316657179
209992773
550980413
650418367
222038324
523049782
209984825
994877088
73561132
305916619
358498340
159629395
218967626
931254129
623432691
198648276
218621105
365178451
597046656
91060013
783053279
626425458
841043313
312648133
865880911
308338671
388745009
952894180
69076454
319843907
98087185
325187487
346891115
124987198
571944275
575495844
545216667
722175426
49819787
206319580
913450790
499327977
146598384
14575532
780535534
186880451
611301792
93226686
249191589
856290412
973024533
444050619
485155597
697211478
301957547
675133547
101787753
215501925
739184725
801305954
183898713
821509333
129774168
729731543
209203446
935337030
20418560
584920410
114306792
708420687
756953561
153287923
301813475
11441615
278257234
490714274
683334545
432642777
448391196
695023086
786786061
114290852
2573394
698469628
664509586
164985296
420661576
27528116
219040649
752666193
118945534
937982717
496034795
165287731
767815278
827402153
695040069
222019251
836931617
709581351
863531119
271555142
228534411
911742889
962381085
963803804
642594182
505039882
107443417
331936509
29340346
868258291
303717156
123961832
805976543
83246054
37613161
765964850
397116605
812511466
732767713
200567323
642835124
778422029
743589607
627150754
458351130
472555628
240645249
121270671
472772129
659642152
844749886
50090086
766164445
130865845
143532876
921966438
630115352
143367533
911637831
151927723
638938354
965808541
321379619
794902899
879907247
994873481
221638075
296663774
594724660
974379600
366571894
323180319
976193195
988126752
393341051
771420083
773067010
553357527
768268086
237742368
412958269
481790904
569386424
258112917
540969997
727197335
495222434
747558004
720789163
829364426
380938179
347995985
275643109
269575323
70350103
211003766
973281670
617227220
330768303
165766079
464057071
824470993
160807311
629596312
505667927
544616649
369742584
691571647
654457887
90532812
131552921
921419398
564441266
221723276
573522289
469280798
285299251
147359916
34548731
72633638
842301436
603649394
189872194
469865517
687474217
776365297
454268143
722117705
996953017
426485271
871376971
942108013
614677429
427508365
336843389
520816083
516313441
975877053
133500977
921599926
44438231
944725688
979668413
949701680
56024962
75263884
743174793
921643686
14372244
260198047
317141520
656158330
795109634
723470540
97700586
207022910
219061056
38534616
152150798
596802772
65986339
304611635
151812793
249172636
122112501
146750818
897977569
878887896
851502201
443265574
667827267
415530972
323762172
328581926
666536467
557719594
474333265
499864126
787060480
715854667
820756216
102042171
940499993
390178564
473596516
639604455
659527422
647988016
573085918
872483345
543057673
395538850
256659177
353091619
370375494
168774902
663705609
804880012
376964193
772181576
868561087
888391448
25691197
339691761
409929129
220041024
81193619
955242591
340256282
270134481
832769658
495611827
744332210
599744033
492912381
29641247
574254328
445177128
183930776
474590133
885047601
960793949
751291453
798754077
532469275
751992980
145751187
910573135
269977074
185314771
771684885
927781445
358068027
364306442
506403278
661063889
274424719
655427177
74449404
415432563
248988146
118894825
282964109
60960871
178827222
755582050
854675009
902937376
890312965
214157889
949392298
544881763
480673937
114615539
2908401
675932231
679042701
551858615
898002099
385460631
125381365
218263455
331213999
387043916
72088281
166071789
312025021
963560452
839931640
25161595
346977083
806327816
316519037
424239725
471184717
6683105
78642403
675845824
451218637
198899223
609699517
59454957
93143541
191309898
9957086
703669663
327562125
391627689
53131683
902360446
884070243
638439649
396252148
75672302
865562035
754556167
454198998
646812562
347418769
187281558
55417763
486587823
26214564
735548890
730908328
390401164
912873250
33112135
163292626
383639764
748310510
473488421
557867395
715528033
873002932
122518199
355254615
586077391
67429154
408790032
889514746
395330019
400121089
256464513
835585527
233839942
629681164
148292692
699670563
497994708
119951943
150643189
155172743
514086212
36996095
996767164
486316932
954878327
872521601
960939843
534205092
294316978
766384007
655893588
725469998
614002249
242597671
507097667
922042004
835796261
743806286
448153804
839934079
969175328
322324377
403938072
696537325
19106490
172804810
734272325
436726635
196080041
357310704
843014421
797775385
663559977
521476891
25036105
474726244
801045938
872416986
811004862
586128144
319141471
964273541
897741929
108449625
42588605
66743668
631122862
190091188
556478242
204982905
866561035
639586923
167293550
508051501
7785540
302739278
732187225
380718576
829868756
620570851
678999624
991411180
109868583
822961258
407139977
952776149
718614360
726217948
58336389
107011354
158696879
312943470
547297278
732596604
319783017
71547922
30649270
166427001
879636440
608459979
340840787
698486529
590698738
379283942
419845768
950205359
53366769
565483093
669584079
694089875
650631185
358604099
369591400
750760255
554080019
233318708
921555660
313046192
229518925
236870292
159520818
637387256
5834384
844089611
144281584
315779408
420996458
226804989
433154538
715155416
491553418
194425517
962048325
673475124
949400425
983244921
971764791
445014454
929233265
542412844
754113209
623533653
553376715
695329610
645143263
10311196
964283861
718425838
259035474
641797353
89781106
381940531
985321104
483912547
515884148
658287653
123079817
201041491
150594875
787385497
290339418
186469629
907066159
958627093
688174690
293767911
176600824
199478290
457050226
412955897
850843512
146584636
589479666
53044110
814688159
231000809
927636629
481009502
286973351
242784021
278319011
794267263
449129488
466336805
563471662
170257445
459811948
556934645
461640585
762114024
570522322
997899203
953589302
330432659
568136260
224326867
605930167
228617880
821046244
443555516
794656752
456458826
857347073
199999248
694937226
61906846
717603718
45577526
759559699
744132668
378182247
996270252
105049612
274307774
600279764
14600421
380335388
295240225
281993744
624520160
783942673
849571687
105988659
159609862
215129291
23272
252300569
657164175
92600291
929773376
428817183
996877416
97598987
356075351
160162312
217787587
151810267
133541642
759859837
453190389
456305422
345167039
250132720
538398676
72216566
836529538
177411671
47833952
711844820
432385647
111456087
293124354
608237832
922746061
369167304
571317027
540101244
599234922
494997699
227439619
520179064
771948284
537474296
16524553
544866822
8516804
728561876
541842511
198448618
84829331
444405115
65651500
873952324
850945870
312231294
261445728
939861883
337156057
723270133
805080337
276489117
963780373
728198639
69783322
511451834
455119620
325887346
174775709
463167744
882198542
184740606
870483878
622268029
649047035
170043896
172189735
718365160
92770522
320079816
921468575
365301760
893041644
776173838
708590686
164817776
468040135
586220376
846196966
905453760
309391237
244196849
178581297
86784289
132819138
147788609
47519685
317871744
206752932
806216498
7766002
388763506
29404710
128345887
31152269
877632090
451551841
904352297
479277528
770245319
40876570
178147782
613678821
722116122
40917688
684011733
329761042
994405615
832437456
288555013
972587305
250760361
961910022
536516302
515594964
530494805
200913466
764227694
808830248
452982783
300794791
765840765
519855161
104635066
845065405
572030341
765726102
54621741
595112629
931244117
812898887
969725522
677522257
161783460
578281121
771442205
691432372
255514694
694681471
151041184
428548666
917590506
6416175
869983459
600496946
90651894
903710700
961552674
459069706
674332959
233541964
872877324
752963145
60581132
344291198
904103646
69021668
870741358
102551551
561709288
362081093
401151009
955952151
483222059
823390401
577112414
643804931
66667470
271791988
293129331
6329275
633102066
6125370
206684600
7092228
897637636
508587664
602382075
730049551
547186715
204327145
508126453
586567952
23096694
151869189
444135208
966145517
166826519
198988068
241281660
386348559
664714123
422977608
857413257
192128230
595098746
298140165
601236022
71431613
21495786
211804464
235756701
657835305
51386142
632488685
112801376
944608078
694893924
589009942
321044517
76793032
392329739
244935541
111843441
609216900
894578336
439541563
627040936
171164191
498382520
45671644
403163711
93834163
119582631
57586519
422196689
870094071
342946309
664943388
525264122
621257755
532338810
806201366
356899451
423187287
200005486
437958077
767278177
127192498
206431590
915647828
752134018
384577180
843909674
146132139
118097540
514656157
494469108
536277641
918594032
972165765
280426779
209437900
443429380
178652314
97179181
222745423
190676722
467240507
492815462
892004295
216472597
639693709
986831593
698853636
204007855
95563053
471615279
996157419
275367113
780643623
716227172
733247839
707132522
492111293
371111946
171172297
12864735
82619405
701241799
683774972
141645559
690048428
100225814
771646704
563679825
328639824
593780911
633854859
454604335
956258286
636044797
290172190
484917276
139173709
230523685
773347692
18836861
198488917
131813194
178622242
747450517
954750145
566888178
822555317
296563458
305791906
672211858
630165332
59974976
599852082
922949929
612866619
415815450
187329384
694374186
348553166
294055207
445490154
46886529
956092180
457725991
126850378
985167089
599990036
958824979
267412479
440500327
396969469
423596466
532483594
410280937
236917290
475238720
594719342
424666551
20756179
314362332
513044953
609412825
332370667
859355908
180775127
558578703
890907977
763457235
318970024
411398973
273496918
921488189
386281266
614931046
160208226
947720877
773758925
845151923
214423318
656589812
794985921
20598753
66136917
420774479
790915470
240834978
663790680
425799605
794254064
503261652
189800810
28427940
217402167
929498054
329897774
969590410
105743751
173001474
379793301
738165347
4921641
973912560
953366490
655555702
577134736
292891054
720105220
247067616
557661558
445809583
46203347
821338075
164111702
17290845
99478084
418113903
456750316
362296372
824615267
390705320
273735206
990956894
955497464
512768959
141707676
101501993
236616894
612320544
316250178
961578108
954277254
31461323
133348586
47088510
414400688
290363681
749760449
311226972
85367818
244722714
158755451
845477738
615011896
831198674
542184026
915774434
500381134
762603404
685314915
425798545
110934691
161120576
411867155
557701626
777831678
185061697
644211428
371410755
155371951
381887591
346458303
544399192
76409149
942609229
28068510
644802853
822445426
776849920
164721185
93544920
606309078
665928290
490252015
238204669
131493924
797718831
775040797
152894333
453849275
520858301
133260183
97789568
988022611
127203911
308014700
529470173
300535094
182588682
9706538
626216177
330499162
749028178
245485015
853800631
187023059
847098299
69051179
818929062
494281318
698221075
851338286
515666736
169941574
947911767
78316316
229122428
124724479
842772207
338836657
692728285
868170290
947227987
370791922
200166918
226754414
654831625
350053314
195324637
832584115
428906471
347645888
203714128
47319722
247748263
716760903
892933224
490722508
926310694
954567670
472038162
848604396
981284713
578013900
628137226
536914101
50444988
370547551
257230267
516751687
449609232
985844556
302920236
677112139
47005724
610616366
795351766
178306878
737086433
78291037
540654241
97809173
639740423
287285095
267101949
998129599
574226802
438236083
77609037
895820023
216661716
984619781
506450219
426050714
605788874
380377880
318590107
396677885
526778001
142731682
836788114
417150671
699012962
528754250
593490293
238497132
295111378
912082787
139832225
843848449
625011501
89118961
248833353
465987199
137120609
213004994
262984344
658049680
972725642
303970359
367819553
729479721
660495964
941050743
823083290
866447486
693358617
139316724
941974584
178780280
308864370
203320722
876090830
424387423
305064344
172780678
395379828
851386148
987382547
982338100
550417333
411824593
394070383
266333189
578607593
121973552
114257486
264000336
679971638
169056925
572086230
179740276
202458914
28907577
137723545
811956911
774825005
579787839
576847773
886273906
94687093
774336707
233836224
594561926
751378419
786263109
883224285
437328067
934963565
812150223
532803750
893436822
376441921
946753096
879597589
169258581
502905905
585905662
48935041
840555792
564337655
246615282
988295131
231531515
122031155
662294548
963708778
697553465
105572999
284687327
392817798
188940585
837015662
700002794
822205702
384429893
369212975
341321759
767543249
835774555
620817602
32399846
399216569
709291056
499644985
180952535
446789994
699056380
579448776
5728882
908096066
197600247
411677178
624048525
426380163
502829423
613402895
564441034
109117214
128515155
175717003
309731047
297600032
288060573
368656562
984340750
649778249
333934155
245141292
437742547
187875967
10058984
605716366
170763661
799210551
747404357
544462920
806220007
609896849
199659166
715974008
656195099
366540501
158816134
267349380
552752739
389159958
991399072
550215317
464996794
420107974
782254661
25318105
431923939
643204043
188040797
60895707
762496009
909237976
576823744
81740980
223247600
84623162
141399535
481022746
427629538
618649879
99230347
173880991
885058205
906439501
65479801
69813327
483182356
875919009
412604633
373679653
560119398
797347065
623564663
696249404
187949437
391266196
355266886
994246514
686525388
83310254
661651071
219247164
245934950
735036150
303021715
922145181
429868180
348271630
578572205
733934379
837760856
248224137
285323392
989954616
551854010
22941835
987410936
358372695
106564553
696470084
571717573
188713642
917431800
76495037
534985961
510301039
99078754
460048955
774653219
137853598
139524781
40405722
857186314
300586198
158637117
303372050
814415815
681496828
98648712
747402049
11968773
905363797
489059806
228395695
69636486
977065787
624092605
646352808
781626090
933902501
960995902
781458672
704109811
903947625
940467148
94939393
687950956
439250909
754242950
818899715
746771944
497109270
366436214
763494050
272891201
307848571
936255424
659621798
969101677
749486146
88204287
489063673
447810947
1321021
198504990
401132205
904702502
477667835
962930990
80483343
806140741
587650307
337937169
112057016
863184026
304166917
50144127
214544708
398215146
914129305
998102943
911921141
35463859
197437530
109936369
82976969
670475048
331695930
274865960
387304686
557625835
864784973
859707184
242240450
510228741
273354893
953483113
952481286
990006742
368755419
427233269
559258631
428365670
187455202
351300766
743705984
254407951
77195130
177980198
202726465
478625616
517352501
610489258
829456378
523671135
883859344
790115337
657886486
218154533
731757143
550169863
975034997
185811318
343138698
72893853
43736785
858455020
900723603
417949261
641215220
369617862
565130429
114823149
163184308
152832158
940039828
186478706
31853051
447924104
43908861
486325
780176013
930820993
771975971
514410815
630042435
569268714
162529006
671345229
6292995
934919954
659370256
284900963
448131759
302897684
455038224
350327426
864969711
924648123
187039479
277401055
609906599
525859024
913469844
708290226
211174878
372654034
276893355
697698189
681870017
338600
892849731
522818402
803349025
498910249
962054908
473545244
210303340
283479172
545241636
230142347
46428555
161076687
705312765
12752096
941397141
127068927
924560097
801350653
330074455
351394155
169862791
851843047
11097838
666234011
383128116
492398367
483873686
239379498
210762837
95485999
728765459
689325499
356176432
784441764
515971925
702614080
233919366
563874860
876582188
284485196
468709782
148217936
988021578
572652263
722256537
839462671
874289213
992036483
704705974
856208345
156647877
668585073
412501874
152392042
305156420
90335670
10988236
384972411
666209825
513251591
937075467
363586120
233214183
666262081
213596623
283142345
342285984
521729081
79915445
561465654
66029044
555913188
922235576
787272905
306073518
732058083
296754056
346507386
444151951
901803824
230196323
356075391
401309275
799167634
228884088
993435540
687441939
261531968
712319427
872668929
872356751
327257463
296245016
947720275
12598117
412413318
884740484
139201250
483729602
722666709
145083604
209966266
237340599
43224872
22226528
764048970
499588461
608207354
765013874
886208891
407619081
957741153
607397787
735432711
760070627
739035818
781027311
932484868
248938093
101367290
498111620
847920664
793230170
873222294
594713092
439583437
309680141
833669906
34816257
624854165
671402329
666299230
773584659
94092982
896286316
796979631
597247612
967945199
251866318
715232640
871041816
631953949
440282985
117542304
632161615
202741923
933755614
604013635
713434960
979032876
121352815
963476123
992189861
831943462
250472050
843207251
173423183
514696152
580968924
846620426
733906430
258513500
213723966
797441606
406693225
823541519
828405163
93909578
620247647
106173752
990608344
294121052
374216975
519402738
905452497
887699159
204973052
696017600
484630223
488132182
814251372
691675884
861043920
700978294
136300705
610826461
48094427
370413530
252776771
237771805
913855586
308849042
178379447
958214689
685869678
383884935
195472044
418784845
39859373
417636831
918750390
865209288
931254175
284224536
502721172
425904599
845084517
556441058
955386700
64036471
500719926
685853876
134722400
232820809
853111295
138380484
630777089
353950922
279639810
705765900
365556019
27222663
790713810
857956605
213136986
788505988
433444617
821436544
354117712
333167507
505267203
328556353
890887030
829464516
518485142
235392901
785908386
547371462
242410704
439593841
227942268
737424876
666829069
194930893
259732783
557244308
989601593
196304532
991774359
335486556
337403332
735692112
363808311
135874259
634826158
503749319
806862225
573051975
165298053
251078763
9110990
316351761
139613809
287008362
841726402
778159081
912023715
416106596
393393261
924434140
180485982
663815810
326185144
267096642
769292873
483869052
637107291
18683465
279089985
525073797
274432376
582775972
102288044
943612170
496680789
291135916
832646861
870331429
504213878
438434130
757218829
597291730
216122795
726650970
939632328
74378717
333615597
874710196
988332593
482519842
101730844
698792683
793811564
974756834
804245653
522218771
28619645
218965928
835648845
976776478
682799307
457596655
656678678
537055614
2088207
190243587
332629591
895103648
917295805
516361723
895059985
48245704
541267320
233024443
16409584
898045125
697369675
932395391
560502503
303755309
174045394
203211804
655951655
813148539
973056906
132680484
925114900
943513004
886857345
905913915
46755406
813836606
826219358
401878792
400764008
3596770
781243023
984703366
585722824
279006016
255735124
240326096
577573477
275401499
477065655
858139463
817853461
998138953
597339246
8377063
687749594
376996339
57058712
598335854
79708700
442977962
974769929
599673157
913783974
563659705
562353363
481228895
492873714
688904890
50154258
618178368
603221041
388182027
336489344
194177350
370216382
254681849
245964992
784419853
484506578
236772947
901767385
300467506
381787955
506902891
746310427
128541516
453548734
904582683
568778349
557510564
972998290
714455546
376343538
203854417
159885186
503187232
340360475
791295394
694866094
296896172
37726883
148824361
489781053
748784251
782952991
286002468
586847106
990254293
420522666
817751445
259354299
950685952
357010637
932517666
545803162
968475075
614474731
722203950
604559984
509966617
509545339
400140162
333548544
868928297
294171338
547012543
749330362
334446709
211110007
227833131
961513146
701959448
984117771
785622224
724989696
462406212
382754687
717505880
826940792
323814430
450341397
553448130
393460950
89765987
620008593
477019784
478960158
373508735
911489810
318746127
906262925
782716194
17362253
311195661
734007381
851817774
341798920
19031764
853264678
344438907
294171761
501739172
16895183
354603374
394806169
754902965
137169334
840480159
729362055
136757320
753018494
873773229
388992218
954614154
810022467
78895554
879072331
52190693
560479858
126840377
809254253
301205198
497886897
295064306
859207445
472756955
239557382
520558258
217228920
412416963
675039767
228339232
947920937
289603420
239430011
774266296
609905667
332381041
223870889
390639315
349543913
514749713
126663520
569251987
210604719
187715567
714687959
81943141
140561002
257958563
274340369
504121931
338731612
505790264
518519896
171029491
232155287
318131887
923923269
931682558
782947069
259054754
633147893
287570670
733414525
36038737
164646769
144858916
533106578
907444729
59863461
90063518
177742282
583123097
492342561
662894997
301463717
206547187
512788341
152487191
604849615
817185417
757750946
646937476
158243614
971230275
288189436
871186141
610826171
196319185
594699582
327546798
483202464
837642832
15088171
709534438
682937689
578407233
732328311
491686046
56328463
54595567
854856173
765380494
721341134
272585683
107007003
885230166
729426286
401369523
538264236
974857046
92784997
193773855
404859639
552521757
356113147
766888518
993467333
971630003
60714811
676538695
461342337
429358088
913041032
508053518
988704958
330431854
455387757
487880303
91412544
864581918
698745868
536239377
65840326
962037206
561236359
997623362
568095580
718323305
939901990
221213658
139989669
928501092
53609728
423977271
669857282
683085727
477246940
44128703
945901647
400114381
875143487
46942294
792081227
755693716
925752934
546954527
31801447
538793094
624295489
437441956
347140872
151220332
354702940
553188256
250706085
675233712
31425238
111340551
529085701
483327526
275601711
118194254
911297137
958436048
539324343
21442907
261174953
77110934
851665530
496602473
827487373
495202545
210117805
187683614
88013859
553679984
254574355
858281287
630286432
885354065
773194467
481644931
383549786
363341953
858222081
491159259
846089685
637150987
635335745
899169474
346363853
497976476
381444678
724555656
764323746
19614581
155553319
782838612
580106883
960987965
80118789
841746332
616901330
924564665
745070904
991758852
760715038
781322981
836754681
269149592
538077870
176994913
964599808
952812127
638275375
428107882
174268766
852993481
718680179
722658409
295614088
192966976
237427070
20952178
839410952
91050216
445144370
550363772
24542273
445938816
220504057
654248370
723553574
542396905
404044037
219242235
185414380
11235143
318659145
25793732
280819370
157295315
861298957
714304743
645032813
858114118
431536658
639810432
742692545
168957768
707402747
297750958
879676112
760866952
791604265
932918779
481053726
964723386
646061966
616360082
200054583
878151265
569938201
43783005
939034364
879422980
315651018
460680910
561130995
424147343
110437400
897363275
36967117
753376538
828860152
415637677
198520550
938133013
825432645
796342052
911077778
71112803
971791506
803992835
636052349
948220388
586163102
51727460
983073214
286256106
204676582
786212392
431024322
339586265
33487764
726117113
960735249
991294358
401235623
58003543
77374589
992885483
35387318
543922717
588952590
52448597
342784183
323015556
315242268
915857544
551004548
358771972
97036893
744126062
299344097
439769621
321279183
399394431
700564104
948360859
618279725
291853270
326365483
102115078
106294007
420543999
836317116
409495345
698103014
693599319
802858593
448113075
933566336
826050214
867729236
839203025
933254426
468941940
47689023
467260171
111410348
899315747
949169514
336550236
608921180
919174350
321968531
391381636
271872782
37753355
208080644
844208766
589855564
290517476
648607054
755446247
566908426
394850950
823283461
821267025
263292376
942427344
113770835
223547157
868836381
898494847
324888967
176418994
647503161
439198499
803027360
821786645
486156623
625228993
561954202
470206909
351361201
58422694
231159404
101329147
950230994
765834992
538659231
432653519
729861274
785085114
204425077
225701865
437013685
770093358
103547122
51357151
832040012
837677745
874938353
366779832
892857470
414102014
552610613
862597433
510023932
568130121
158790885
306418244
584781728
217096462
522507655
955297447
673928574
726108701
490566610
458941254
776232914
493031179
862566957
618855747
651272854
106890945
687380343
885514941
627942526
113080188
62033738
643796985
799224182
939638187
206537528
104392579
474551999
838253673
532260598
325342454
918449344
346645981
990992173
17631866
309751456
336167489
470471864
994791491
210643732
615473178
538943511
726942811
539959378
884211162
569365380
696626250
894542720
184447692
510147259
246159175
407817860
932765171
323127903
991438349
235336378
388650940
783652448
732853020
200735341
511281374
210285599
745506069
547486361
787889986
148080626
548207468
502022813
630201741
449026787
738368169
845115468
831485672
273659358
295750527
710037561
172875993
211268101
333035799
720324856
261511883
214388140
892065878
542043989
852621684
815935990
360646205
30780939
39954450
534973616
292043521
436266939
667669983
582157047
309610708
738095360
504332006
551366366
172963624
228875255
180067154
333938057
444753389
68545125
43292870
458133720
578758938
637365712
671430445
718373155
349211688
742379191
277831649
53779258
395305779
426341273
664813958
157693714
72118060
911008947
872254368
438118057
161441523
594331810
779584238
194580818
877865482
647085238
172620703
826020794
143694693
306063656
593978116
151935882
650215596
613077505
80517856
212993112
508228794
954866461
481533624
978933393
61048536
76742567
542672959
202635505
739108809
640460333
656974998
626300094
103179839
474109210
782990339
575065320
520588257
639345679
55557678
928572035
786557663
918573150
49686799
996689713
652771865
746777161
478566986
619959615
410880581
295381568
94307199
546974389
980111357
829198976
688601179
764883601
235141297
420452639
970001056
579461757
985401397
261519819
302382947
218974991
772335787
4361915
448965270
667811436
869942292
285420320
849059901
64919316
8188015
199690324
401342723
494525321
508772130
616785501
995238268
583557366
415089543
88848164
540093485
552363284
251469551
349620628
698295148
136446942
93859177
382120614
737406374
219200207
387692714
204392300
964440255
123073663
416453341
906892143
804928801
903163761
704840167
555991454
658668128
626607013
522975096
347865251
704169222
97681944
755577529
187928906
768058861
407303177
139404712
787162863
684085061
737797474
885173382
615133711
710959619
928111780
291581035
51604020
606822365
352249592
741608675
566021354
685333973
845995621
807436859
405443246
350278895
320086448
145279308
604611233
239392453
601596045
902964776
215230035
800773465
734306079
952184455
518130802
699777990
479507278
382791364
852633477
986735053
481615515
874099069
797401445
863048835
609663508
711958792
735257896
178838925
263671667
125633346
609410320
274923351
433130049
745168403
774971608
803629439
441420198
4444650
447925119
396269368
516606747
482693669
789590115
389950020
176723017
97137535
493139189
232211032
933086609
224465559
956812485
382468990
521600311
13334537
227382758
896886323
165913782
842093448
197188339
482561685
162490821
428549470
736866353
523778459
538654752
587245025
739867859
498026260
527301134
623426162
609777154
910157210
788938690
776209505
642513221
32454832
907051401
631595566
403536091
214675296
655999414
447360142
554102590
540204882
842889592
460148393
453846552
924335993
221255572
143327054
20711007
839605143
641705440
299327065
991793248
895093542
190536764
634404484
697419287
237171294
253318501
209409022
246257499
49251482
584211556
914708964
583466950
254355951
138913105
298340324
630567007
801394473
8397546
605101745
656962114
405391923
989043003
581478050
504090820
287101231
743624487
386152802
117911511
502587965
781466046
115023727
275522984
73873159
185100038
280208150
905343617
174190795
537277141
505728773
353100648
346970252
909528240
338731253
403939775
387249363
916400924
178359472
554102356
118307278
413122415
87520502
902686550
311520411
37995956
442027052
406638194
461531244
708444041
546072866
503954798
430468449
965676015
711803495
627643261
409230016
226003514
885084414
895231863
543463356
845559287
910874878
119181899
144265600
284226005
904892232
950128387
405748930
139073209
686372401
670837626
613003980
25856879
311326815
685459680
900925939
660821962
203003615
116409028
968913987
53916586
723183496
448100436
296482123
359321462
66356284
871873703
7706559
359999788
547785399
260371397
743573737
170599022
787494060
608823401
278246925
454985498
621527044
434488276
459537428
534799877
528590464
707583761
420981595
46644509
271536984
168384215
80595027
93158490
132224749
161018029
429847132
854263153
199876481
425358489
295497560
825067286
720594548
996047933
829312633
765959252
582424332
594588880
896992540
971145873
116291883
747538689
843289370
715972760
962807404
240073299
305407655
632338685
559017797
319300126
191449771
588177436
202171265
588787924
673834846
430491436
471907179
197709373
298180319
702809814
608957796
864086884
470482715
141186705
812686823
127980859
573749181
184261935
973391738
718119574
277823806
202639784
395240216
373419290
600747861
77231560
910336307
261407522
700470504
604944692
254062234
366517624
689052504
927987012
334487526
364767439
885065415
161241257
96480550
492742151
517151954
165775899
921660048
153486468
13578972
71392908
976328446
799483197
895162902
539799366
503701384
66468681
223046413
426558199
921244944
859060704
783190651
99496279
135823050
453354095
787517054
791739647
823348984
262906410
95668775
350791208
310105895
920903283
962369054
474110354
93873765
430807079
502680463
395463132
933401002
496885538
221987975
389999913
466213638
423954247
484225270
775201246
635316728
355140347
425045938
455792881
407503971
557369665
639207083
454418294
623862106
963869732
394874674
32018155
699194420
421340796
465519319
280959520
302059589
756565306
718012122
188836570
405447658
265882934
316760527
797292236
216898095
378751182
31052017
985659976
550375608
222942559
312385002
717658187
419745018
660934544
647274788
586147152
277625645
334344132
829994385
124945477
496293504
369461284
263171269
836142479
814374357
543234833
285758273
876008663
220333590
374991576
161929099
453720761
233329415
927584272
424963900
355191569
603109853
269505645
760223232
388046660
200446360
9011468
679809493
510575197
121698241
939293564
523219300
233571366
958417125
552860832
855976488
704853355
467850775
904135099
6626320
329796567
552905181
729592893
871686070
577298794
830781659
618278563
33088218
356310761
601291995
290081640
496654313
693005919
545782571
514476597
451655037
365929362
693201509
195692977
314618705
813881396
214024964
348288378
343116298
740531098
980902989
154853348
601334720
660092628
246337961
215078792
695170682
263895593
337472596
738841236
401387038
208227158
695845767
178971922
868420735
847275525
467946657
11059872
164982606
104699969
411503004
269608526
550789762
288087049
758566573
597591715
207759518
41256141
832066051
345330115
366040118
776042306
729484480
116626582
846586710
469399500
752091132
61383197
645879064
907520015
43982462
526695120
2680119
117751219
830861875
742284466
267560866
700394190
672850031
977893907
892028790
205074723
277494039
13300506
379035715
349499661
368420343
19520384
731032783
643448378
408129008
715790024
534672608
710821653
17103107
274804285
900611663
63365157
15798861
314575787
80418291
452283912
834475822
349740476
509264910
262443207
927097464
272451678
91036306
375727880
181145020
873384749
552083799
87215562
650451375
563676418
858633234
68184306
901173537
601275365
51193417
164312434
475713353
408413995
297745531
964291039
906228324
47385504
242414340
597730558
924530274
695512306
192977161
101231941
588898877
427933438
433015942
926519963
30202290
721024415
6758714
931332252
67411734
688335618
928695687
896360479
14506137
463099114
33499360
509342339
535670029
368868351
106627538
454367513
349452491
521471536
237343090
685520627
214657499
80615947
661690134
397094308
96162531
452538534
665903193
730703818
321865206
992089605
233188890
922990630
739314620
690788008
36235688
433989446
341356308
929380770
441269604
197519947
11959333
497277826
725280640
652859100
328829853
804127299
643261267
759550869
492298297
605097417
243782352
507015732
410594217
616305746
637698374
529161438
662415628
714634141
326216480
491403028
888726380
747359133
259569420
941622424
860061134
515737057
961235428
794714346
798052339
834816474
645263524
830773534
771403807
200490497
26656122
641692829
886053255
682106475
500256451
880513652
871043454
275219682
536745339
513459219
771031634
496382230
246830109
659892284
722975172
241177262
442339817
1244248
993749872
266148301
143516342
182065900
861644367
632511163
5823479
646048626
981009795
112738740
138721919
594592779
778912827
680093473
278244340
167407772
842520924
547385186
258414768
534438481
378160212
416580967
953736973
131490933
420286097
802275009
563821591
735785001
135170577
743404248
314868150
257165395
563623235
309643925
185983033
20650022
638933281
339927626
819650378
748441765
331861348
586035341
889607386
110693207
656205657
188735705
826721509
34441171
679464874
563869096
96950648
12020097
898233203
931491513
195222488
916855094
147565736
781626587
632476891
483568048
236575058
690823560
172389535
970484520
601826081
445303451
626703963
765102505
148500740
321940082
879011859
648244059
233458528
779076340
145587778
167788779
43732363
436811242
114452969
263507162
641919457
987574993
107187860
513011781
526537724
599404718
877453776
750266838
70113472
687252247
310686069
497777591
122926484
631569852
62688996
878971384
935806156
352566313
591615461
146689151
548885493
441816648
497693130
62240699
117131528
622423098
783066012
270363637
200468030
726669434
474056276
967275944
639322947
782376943
792983963
451606051
749492553
868784572
663338397
815006575
392824322
71244034
12903375
819904956
618895119
970287192
544904864
931942190
242448435
870660320
306972920
343767301
816029768
857032306
487616462
307072149
373788321
880353090
337352867
935021312
573335828
232926901
458114387
117075986
373372035
719968154
66994730
483542203
148589729
23939237
748067203
508388067
34798889
530025067
899951045
901091416
120500848
488777006
143087692
21147312
174293852
780125079
498461382
694915392
930823411
33025520
818726174
739351514
454767431
402526338
917109956
31717072
163956254
475594131
182264029
570112380
180475265
439240757
161951896
758336548
872657978
192689997
990085315
86686272
326302973
173865462
373821465
207888513
322289655
290815792
312924656
168184290
987382078
54859075
412578674
465301914
35422396
62956323
879225535
104897783
575958332
376663767
741750450
769640587
427737164
733505132
811256867
757546026
529158582
136249325
613224864
891152312
282557411
248853065
859184386
443802177
538463937
622236968
35552995
805088975
201559438
710359047
133134380
354812817
973687313
919249511
383684429
775122115
709909995
591936752
754359108
776826539
309711432
447487140
757199703
232810300
716606853
935801093
196528180
505843870
902019227
265681583
721136024
181167912
412260868
606543388
81858947
44445557
668317884
709064781
148320058
166437391
897171209
445322792
924896071
529449732
208172228
292133177
87596994
550226803
521646350
295024539
875113099
120790903
859533044
827739491
845139437
392164226
31879860
340223766
685764837
430355503
528314910
30861244
618721923
444855989
255871837
942793421
508516638
107016306
143107218
365824954
125742159
931925722
203002487
464167805
29045640
531977241
918196828
975598184
802486491
479975991
158412606
573284537
464013864
29693656
776525074
384777508
72460271
770431
971093653
3412539
953180646
541219992
415522279
691688440
648166449
28291278
830837707
972768844
309365182
159145073
59124559
495662536
818207430
361403092
974759401
465516682
380300149
20690834
255478007
429706649
495779938
824257867
800074969
468770210
111895188
958129373
371238675
970980348
592924577
202141939
365854220
698438341
574127462
966247712
844070253
765169791
641281209
843718206
518617714
411139590
652966945
927955544
480342398
268447931
165923579
654886925
424384891
192162609
527075039
920160239
894494296
723904727
783579576
438689401
329770967
384833905
17454255
730539116
311829915
78093334
27807939
638847420
672855045
262871607
704712856
565494567
66586992
992615656
137118849
484182543
970808718
333187601
587785685
902443287
940861551
661091048
643600291
365688740
273909438
868155394
128854037
473405767
22392637
981141767
691142597
504171939
149235499
141466987
720773597
228783057
700085573
569960189
133059925
252349712
51428707
46170118
564459531
302127874
631907756
547047549
132232982
254952760
775318078
549991767
745506624
894487161
688485599
563341340
743843108
180296112
684803925
769777436
701062958
173275343
452843652
785691863
415306872
598444394
318340033
773709392
730929382
501261701
950114514
520287052
862765367
519677400
920722322
525627583
909524460
751208675
476155437
280540938
464847603
183751548
238649563
261224592
150027579
184353709
838233330
735288509
623803599
227291165
445858180
117293955
473825203
904055243
765855754
178970486
572537612
76603567
940241686
571927055
260675899
233534218
459962707
300061188
389939478
184845396
537286654
796399077
496940641
808339753
480790114
131934175
386317830
343405223
971465995
516531896
450042972
514971052
620943264
23737619
771141068
181808886
472538174
154811422
99555419
554693135
516170063
634262491
359629806
799696733
535305790
720382850
284085194
598295266
957816037
765040033
52639038
97208667
657522433
689245297
936724798
398751761
183480334
467996973
655981845
944160120
11295422
133202324
145230998
405632066
980004016
465016288
752776667
37424002
139497452
888220888
789742434
462610814
749728405
445673897
590871493
312390994
265678144
240024350
454447438
434649572
243913210
583640332
873688661
199276285
863358514
86106396
551698539
116140057
10301570
915723929
609846885
961635535
497418309
756696598
246355600
441470807
684876964
251120985
609209477
806789508
665175516
81982088
951724151
824937776
165375212
251390229
806137501
122204171
460843592
809435453
691960371
584979017
673489958
431890461
141363209
955096075
358884599
407195936
369449689
194481880
565509470
336957989
540096892
66822155
802027387
487792107
693481292
77212802
371111203
420716603
271885632
331589473
88105839
95281669
836368154
291934586
26994106
986307511
730391624
597442029
899195316
287222468
658456573
337142933
960423312
555916687
81990016
680536877
188498968
904512893
116047889
628980573
305385397
854965602
805553438
60318594
469959571
722424431
818481679
565029988
159059878
872903825
56606352
958705999
625251545
954583629
719139874
910310182
203606979
743274536
770823145
745032702
449853940
723073470
450959653
799185780
857095924
358049035
765447366
485540434
464337105
563817452
102030175
85610735
496432580
282338740
663951381
592036420
80610981
248524811
497246521
860613334
209590027
146980942
449094760
317997875
864797186
19592244
346075863
97636885
800070258
363779886
9791420
368421694
480539954
152104085
897049020
356502889
69251119
711853165
459725145
108357855
990525670
576411440
308782942
96542085
197653508
795773633
704898534
915311452
876879783
59491670
615950119
64959925
80629051
19539326
728940338
733694896
731858471
166128389
506379017
978942754
547767690
592831312
5124927
916323463
247294394
252254850
462834847
340549046
336992178
576693645
315282222
43970665
538173605
27416273
507469787
719660141
950650576
830133175
818172194
646465912
653825068
233469983
300495190
256456471
841140045
791906991
467170424
329084915
260766483
653540207
204860401
440462195
130997132
102911087
140398844
787262399
346931617
84758238
220198194
538092569
17783163
553980211
802570622
213883204
685491154
758597859
781616238
226633782
179692969
228397329
669705974
924024281
844585371
889114015
393622047
183522588
791412243
292751801
551670130
356188894
466676247
829088517
483510331
805998764
306882425
687304143
871174871
594259954
969534294
525532830
985142962
294942534
310571714
340764630
899843491
825137271
482195429
42388923
613344366
565984848
314587405
489833932
342662345
336156006
820075539
255392224
881662636
645839990
949874273
356863650
576460334
543014047
913901841
359327106
711798080
871236430
622391582
100351648
414526064
800146304
47506425
675786073
231004445
152683994
825808127
446671954
975221263
321393291
526395647
406110401
748901404
992623715
390988506
194008355
266270974
840191095
353861832
8148262
272552251
970670039
422850617
298310884
624797489
613919600
263667672
112836200
625459503
581968008
852890548
152910619
509203020
148998466
720174067
318860410
485722922
312864029
845931510
750257308
117305735
51623003
822953848
81263679
133778243
522508366
188396920
440998962
47196042
710142566
98675715
667104836
598172106
38252891
598252307
991885410
598157887
690719814
563564025
282297911
649264283
145017084
187255565
935084907
398620843
138862386
673261832
851375833
709074997
60921292
615131772
195455168
915783273
822946026
116992106
834414373
72586140
668190393
493907473
538032634
34377329
116551605
430790695
981771821
541957037
225104107
150984614
87418097
321458299
338934193
673224703
41182375
702285979
239855054
421530870
728727658
324201876
483267741
197311985
246160315
297930311
948373517
851751815
571584166
614404628
668129264
251234577
60198970
773597023
295749124
930584807
633001554
604386017
145836896
720681980
252332273
641774451
870008462
252052432
487412199
487057374
921364101
405569595
942734576
83295128
432540605
47322676
588628105
271989023
19035466
782520987
633933721
724218123
360087668
98511145
15444792
57739287
800740663
878778716
148211786
548309028
487633427
245627551
22019007
47083178
873207363
909502770
885863949
752891533
243494622
237978806
89003734
353058382
364429253
620640612
923874626
153297189
730885310
969428144
517685955
901429421
530679770
477062115
110563045
747414983
296017786
187548816
934592974
2117083
739668805
41429647
708980397
553123430
131117821
457204478
711328742
39734697
648851490
898510824
272703823
726199874
483251172
346185726
491992037
111902351
599548187
627910117
18624434
66695638
202575735
314654912
403474720
903351904
980275929
265658811
785230247
638021401
575311693
459833070
833428476
205292420
443627074
266550598
854251401
412201252
183862535
644623079
564384416
518903505
76862024
460856344
524698830
791589251
625927118
53649878
338189048
611207519
555639462
836197142
455592852
716577711
529485871
152097931
856309929
398379894
195313912
774115993
810923462
56888841
903101398
70122867
369982158
202534554
152732761
547464609
309839832
300301932
358189480
973658092
494994798
344688714
332817657
603482027
840417243
54403110
74171760
533815574
214257887
413801800
64903913
66578013
45337547
874998256
374269471
469207568
427448118
507532080
875546404
480527383
360633894
884386060
778228962
529250199
186802022
611368804
447274292
583534849
629313992
671923494
402786687
350050368
243196546
985054851
849667347
32535441
903332590
784114387
729510026
346930911
58063889
932261378
992004346
268116044
17649147
308333957
848629431
241702951
433469593
66520547
763604554
191088774
495120736
121266848
86112212
113658052
337952904
625819032
535126368
147850670
638015105
833356817
384974997
912482068
56733367
332658444
628072891
506330368
552782666
154752406
364241178
912069021
581200382
835199994
571251292
840400161
924583958
21909483
304631156
413872374
579994220
591458679
168292397
829074681
394238848
337047856
3869339
344838116
242702566
14199014
633044838
130157264
640028283
962795258
537174610
185367231
463158610
924569493
314042909
44431592
109189649
179788583
164177672
560864200
171656355
185032688
255396145
664913881
969931887
930469187
895663722
627043443
623481422
53601557
893563655
104856279
917962290
543496752
50547131
692619861
945063566
518944167
456576648
805999203
444340539
443323698
564218343
952527628
371217474
503787738
551882666
982802079
367984368
27038435
206837990
145335417
799856885
345068273
741752916
216105816
627752928
256465225
721805382
937978443
129022810
467790233
476083609
793273803
173187963
923645575
892528407
740415141
939014003
96459378
605576594
25897286
581086129
173829024
11472515
994293057
587735383
906683503
946320800
406794797
992320811
472607150
707848576
598225143
488795524
562416420
422582673
976893640
868220035
159135497
44495846
384063092
468502404
553978501
169424179
11053768
43785916
380451728
829868861
84258786
445190174
943604293
824160780
35191246
251785235
85233390
53503128
719562871
190715908
907902835
481877501
498085659
852186377
192720497
255199666
330615971
10485524
656747139
492095046
174344847
779562810
952076388
753088746
291111273
448813990
195203418
223361476
409476446
142426857
817611824
239533252
272075440
972587087
79436309
560450232
145724413
159914319
335279963
862243220
490123652
457027384
816931266
414820154
624695517
512745276
257935320
471604259
783918803
72654189
62452412
551828094
390143035
266447183
107778084
657569296
365742630
635765434
543898685
636629400
516829925
421739920
901068235
905026882
29366280
264939767
283414813
393433124
340246163
136484622
597407800
469317462
840002714
116365858
564028980
746397211
716941045
949037477
556804521
466557465
504993620
141813730
536076987
483978224
374192561
615493955
400878252
713151709
459707028
562785196
371863528
236598446
33320534
424149569
655610622
352117304
634513100
776798791
127961406
626713791
92549722
525184468
529988492
932026462
466821907
951012370
123677966
289467422
957691463
807599126
453726946
769847397
741840888
766674904
767381322
177272054
935898409
498083807
259886756
327153961
358647076
395725307
338221937
934647820
310281007
646367224
112905606
799937500
849627652
275150839
843192525
72471637
938942039
677891019
315996407
967946475
392481053
182606659
830207015
443631647
657795484
650682332
579521357
215859168
519731750
364585852
113857990
312951973
439223517
496597076
177905213
499232011
41138439
475603135
637742215
324970773
635137368
652760632
552487165
261593118
346981060
407648666
633819483
56905295
260722888
221710180
577342653
398165612
301414771
350666391
989957966
612842316
942516461
87908835
818528888
175504291
654365641
197440504
268345354
361193031
356320286
758534225
224804872
259157234
81089623
281802414
387649037
84080920
589062926
700267774
559215891
244985843
771620874
151063221
78835368
740409384
591990674
836970469
644482303
544901320
153442742
426511707
754945592
447920554
276794586
933866239
595402437
416941551
626272335
371892160
499010947
388084935
889683544
632133164
739305317
934790977
332172376
30358091
320751906
320042596
736142730
443212831
265237090
188251904
965681938
434187647
589181501
417356668
117915166
866562440
287866698
547990135
318171822
531212354
184866551
994254656
836121408
972006031
620628013
295433746
393992539
623249926
122279848
133218210
891643029
638133688
174459926
894037057
247276406
206140582
131870853
348763031
352253345
597760000
343429827
322591465
951716563
286661478
764884082
805374947
940151334
189924505
596816937
410253251
873092164
871175969
834538848
772483277
732230372
830190279
49722110
920951663
610840254
344701130
572896492
407701768
745427043
360485815
377000235
174092152
881402562
420781591
177117629
247002826
959713704
977796836
552893978
902453703
684661277
109153406
605626070
951341759
762429169
679358415
592518076
199550320
925579771
563651539
983144476
571083571
593469260
573699545
994182369
124946327
128728587
268675340
814612402
454887867
198208573
678652142
135937241
81973868
222067972
779369018
122149983
986582780
135807729
255058566
688774767
409641130
398990824
340329701
654230755
988752632
727969232
970349675
948214302
671980039
377430483
291510536
457325547
279292878
631034858
340611263
474228032
239509903
27202092
560067114
186917511
538303088
207235408
301275688
212164111
745731981
669208962
126637880
735475808
155565346
944581076
256280887
206603186
17522682
119139625
161198662
891621362
192360758
131070643
585244914
308476106
745434657
887300190
349107624
194693312
233011238
887160846
932438699
524779315
667983074
389126865
98673910
912140612
492227118
70223421
69033650
63605734
508094747
329959802
382026089
315046939
927984047
865075539
860298010
44798697
764314542
411406886
413724114
967630432
900736735
490736780
605947244
793704347
749464259
376842635
836408858
498037205
501676236
174349845
827363814
609902047
661530978
153614080
534754578
453591329
610014747
847077766
443410980
209412922
308241207
453912234
488502291
976233978
112759226
221167581
424975128
440133550
426595188
672260024
810702273
648964314
929502118
502690073
422293935
100410630
751920386
837432063
124291428
751270562
372236946
230099913
93413185
483781442
543894681
468749285
151922293
599496811
367368255
611958055
40208138
426386610
510087734
881797929
916587026
148077142
275017994
924881253
233577019
887275482
458842833
216510986
377426960
346652355
2045245
241712113
395239313
708501167
928154514
464536892
294586123
420120823
135586384
484221618
257504036
66962079
668733845
447692044
423757994
820793668
463655198
570956600
130881829
818408186
891812681
956028541
417499874
862968403
596115357
6958487
685862354
922553838
111179423
8309505
42086955
507687949
906001824
113724205
925369117
652821569
248830737
208312059
129669823
16851212
216896221
425529322
704557023
64918244
669901948
433888972
76105913
901408525
195184046
275160641
610489542
322741661
252494547
429202516
424376095
263099147
444015830
741476387
178076523
47353236
459990416
240766845
300915873
194292086
506842496
709551097
327503641
442480019
72453617
745353299
521602791
857338867
48203818
804138697
554264848
7481083
832852447
884940852
149440213
743263881
208841024
307596395
893681795
6925423
270169475
362111791
7341302
573257949
287984059
182683654
184355043
459903271
167055518
380572100
462983038
398468246
57264310
172088189
191441212
627151550
129380468
81730245
723048744
120853636
37603942
848126337
868809192
670893028
569308464
664918689
997804268
960153493
34332609
455238169
190084923
122572170
87421317
390386415
436141853
690287572
542146626
147367305
246853116
598910119
82005131
605147413
106006513
700924265
381908542
655002004
419719665
480932456
891883204
611194398
469813408
325399478
128105671
736902278
599180756
970380505
702312729
493277436
788667926
497833201
747969408
902366048
264445447
375725745
588161316
812012340
240187913
368831328
485528997
243024579
785436600
865027812
32312350
395760526
898117757
670241046
424999467
738062173
851167989
916627578
758779606
75382440
402560870
686748639
316328285
725144015
98448623
975130466
109011002
947189639
75014543
925607563
694502432
650487837
655348038
249945201
801905245
462036156
113849579
441705098
565492905
303330315
665444706
942914846
83412428
586739762
357964115
509142098
751244474
594109863
326829284
781020542
239944857
579789965
692710812
329328749
234372095
250237688
344787698
789939742
385252650
26097612
981840203
277640444
377589453
124833770
155159058
713600499
318362355
943509850
220692678
841993628
31568436
887356230
2508376
91967270
454968069
790677286
781948646
445494128
480950808
937691305
371657083
219585692
266140802
519362763
825639483
519131587
251001846
813101650
645079170
16304101
57719361
428117478
804893145
706572802
69046587
304714768
929544715
376654972
395544486
304493217
530735023
696093956
939535180
520479624
640707253
479944934
623704112
813902233
428128033
432922721
326567334
81730753
829570801
715424168
549081618
860380103
274985785
785251688
719739224
509506942
179407412
861616296
888331411
507794748
854633474
179399290
14328495
767998678
804272544
984450690
208433900
766071563
308021526
765555996
583470770
390115719
917784714
26674068
820467411
766163208
250368947
318638266
488161265
891196081
13739467
82314409
44925801
222993118
479027264
927229141
623200988
833509103
916897349
252232126
164888268
725371863
246107810
204974082
440176496
972024820
614170342
157443294
699334776
133011857
904180794
714098129
349060691
498733104
656360772
957899479
534051085
273394392
507525255
66949449
371323441
447753468
109968872
391941357
887361324
697163048
19964764
320317511
473582699
218808550
405507564
691231054
741632026
687444066
124404416
807505317
871275733
649975656
939740033
98919126
69598683
450478556
202489350
399136670
101008989
784754123
93168902
936724815
863106532
407193082
516058750
428130365
726351643
342990649
989312500
701287402
806996259
939132952
706128088
549470260
857926471
34068032
425675153
753736895
2783018
62553404
42420204
895007826
230866361
975990745
916597489
586593570
315472999
725933759
944272867
675918170
977210761
410232282
168403927
456865590
779507167
997545652
631082811
489399374
590979565
374995393
599309384
784755076
39385786
303270970
446849006
230388939
516098379
281741391
345947918
90031790
593763016
802917218
61738505
620505767
885328084
436183296
815885464
77433091
822899750
401733261
388467451
252791896
201103770
635802499
759412603
949245761
212088499
444306510
874481169
349616587
19439913
57774134
471173293
935578354
90849908
280794530
774394610
640848810
275563511
197041107
140445025
606045477
922719442
401403349
473110606
802326554
410148593
522278585
60350381
885236411
248649082
765313453
171841379
914818438
842912213
815183962
529506700
206593659
582852608
836980702
130799452
266627182
939673576
231628932
244208565
753650460
933202635
33853006
431601923
336322742
395547247
955171701
582054001
342270295
612502792
993227138
333520797
932929845
407338271
949023513
217734721
70553843
393259482
364590332
424559604
594111183
777995062
756817004
186292159
715653159
38902650
756503729
489182049
429663536
932469747
312221010
870492538
964855684
876498146
820620330
292142003
130043128
567606518
826006186
129007362
584290795
645206297
269079730
722404006
742903162
561722021
181874773
73312112
975404162
545547633
764872339
332476333
838068165
589505900
478239226
81721102
544770027
427809398
655305062
611970465
508952117
386591450
881111441
328917583
821520984
961118643
595195486
348521492
865417726
28292794
166557927
704807435
581823824
807584506
828511702
408031875
154548496
772763443
12517866
554917118
298602445
802630468
731545093
405042003
953856697
867105192
7171707
903748204
277045413
341645537
990611200
239568873
615214157
218509684
215458098
580577050
523254628
182997625
670582999
804168753
829859078
894272034
533854419
981041242
865314264
386978334
381018174
405533253
682878730
707550497
130140719
147280795
528609623
544599098
119709097
388268975
459602623
979799330
538125691
734028914
698580701
173368039
365705831
519887842
786988349
459996306
831917274
189355550
351426457
379149956
811321804
85567529
984604962
367026658
157787624
582845042
803393762
621655465
163425656
645516203
979705195
226983114
332581604
38867766
806852478
880189097
86917527
897843801
347234395
177389028
878297266
507822806
741179202
404475998
367072533
601093453
775016918
833018956
196387876
784748894
568510376
95785553
939804864
274146928
620540571
652918701
33117944
684455004
772130494
500001250
902627955
630882817
432308555
200954246
37241666
33815013
669518407
840014070
568323533
661344123
248489360
685199397
791015080
153255727
626515901
27511866
695169139
783804526
839382454
674681553
175622936
808063238
120280380
783340957
448196353
812782737
109116455
506610542
327491750
628294710
488486309
833079868
52091762
857503891
270814515
323003489
708109254
781478794
95910849
660848060
51485720
186874109
123203186
889096900
453281544
587196898
187578436
248167841
52597893
951569710
305956576
81624716
905622148
955210146
838997895
333740519
666888554
87934376
834437291
361174687
121815542
135173605
931091224
507793570
32230814
303180968
572675510
502779328
105434290
349709359
478169205
294211033
667406170
868556439
427817209
728043973
240957259
942750289
754682418
346207170
102532555
755959924
240696935
176353070
495961456
663124824
568774448
500925982
147843054
888176365
433135725
786009510
643516742
305455034
972903399
443606984
407662291
14918301
724069262
14095345
853278616
162381831
297578884
151958478
181273035
872979621
678212373
600767662
490932655
626215418
152342429
479377782
345111437
69182266
537300434
811827189
323558755
352230816
819758304
947017016
854114856
611336536
6814923
41581018
320980962
218959016
710307966
849877755
811448914
510136588
826227280
963935823
597534400
466994756
324302859
715555617
380246632
605330070
355654972
579666609
138049668
662246288
533718306
214251518
239333154
36711200
643442657
172899843
857484619
764680298
179960782
295009930
706464604
320919185
887842044
384643034
617214622
810470173
382222970
547065419
505442957
725655466
475284126
874581787
948939890
80419811
73886832
416714037
49420359
865023073
206650617
356018589
24903872
356895157
697785986
750089365
422258704
689349482
279529596
324695054
414402121
229570137
927053072
960321256
606829072
943877209
459976020
92075717
763213468
619504133
220228985
263603971
782355262
279251978
140752735
768718833
242111324
536477490
918182965
468954708
53824907
548869266
330235606
776153674
740604524
968614545
650084214
376867807
477211960
833711817
46830564
420508032
426803138
657951180
105333230
4245565
256977486
130109184
658395491
594660080
883369436
901441290
423385000
575490245
740059229
366232861
914459358
764550721
717764071
863716621
551436835
831549376
25241453
896040193
941396106
660717835
193186102
418394326
145194329
199639381
717859963
500467776
783714694
268140220
479129430
338412249
108758507
849099993
865706257
382050857
608776057
450723907
183413686
1084546
242053558
578623644
719165062
103106160
483886208
341445421
416610722
480703154
717859218
902698241
303899978
203578352
772163759
517737906
522815756
450315284
12223653
215604512
837371168
740106744
699273072
492169780
966284301
637437382
985943942
370741496
796728570
878581796
521583328
288054078
732328042
359187518
884397147
512626112
37266401
22219352
819186905
158053667
699239188
481850991
787034703
97427353
651706150
284993112
629661821
492295338
128408549
751227964
649588095
112879778
31071837
658977051
564778902
629232412
368310745
687622698
234162810
199594344
909490002
639361546
840595125
287703509
501574716
325409141
820956617
454666326
853804975
738692441
819502212
333926368
228216712
569840120
260918317
348410916
359282796
859247836
459677215
159408580
498574681
11035536
871191123
906681303
837097501
701214830
401401039
518296883
542177030
490786382
153283975
941527663
491088237
12675936
473261583
470735871
403989138
349693726
704184009
980591440
984376846
150086919
480668239
60330087
501327965
776099232
569013328
779802567
719758036
813793512
243090803
783340735
798677821
288024100
529990287
792677345
39920150
35219825
12529393
814771950
149181748
408865107
872542743
748892043
357689273
571350136
881953441
98191158
56052750
907603279
178082814
736357259
729090526
353853794
218895344
730010943
187873531
34362111
803174910
821367224
839569139
756080526
907869041
679942535
830576847
871896857
694736394
912907875
564321685
186121655
524043082
782580030
234699208
965087766
936915010
646651017
864961887
542200274
393800079
564543579
286930770
598538762
335230405
865916792
40455569
970695126
91435556
328592292
215610601
893711977
775450755
651832325
512078691
274733170
972727728
663654724
361758821
175336259
500556015
520322044
892437146
980117613
995985978
675465592
891774765
26320031
507414803
324220672
315931316
652738699
457847643
166374095
453417771
599541063
760594445
411061242
412581880
496664859
858586029
356650755
768494992
901801824
276181981
54117087
396657133
2263097
455869459
794973351
799378265
484173558
20452577
197996734
706938722
78612035
607768521
490056437
852314396
21005190
918928445
520352634
812938254
90190324
97803282
381109788
295939352
567866817
945407932
963542560
707620058
505238995
313222377
469037630
167896552
767909073
48121133
551979235
217452142
61739016
83959253
990895480
984936750
269716369
325609867
134205113
519171007
566115185
282543437
947114931
859403177
139692681
935192853
837105353
299074097
477817961
194200841
546649973
385200501
454004537
47255620
722794366
352249677
412393505
64882475
539736640
568601905
685526812
793156346
915040333
546708434
537901408
816335227
474378822
490732962
671098335
34684520
556843121
7801540
735191942
608894657
291968504
189908511
649824511
354377126
876430706
702084156
583375672
676652236
964221711
204735974
891789663
956554541
796813930
989981225
269306785
711363203
517925901
397195840
993969116
630273592
656139087
249310626
836937693
724614822
973239905
716579084
76382814
631963760
469859213
383861462
374461838
158588403
847391689
621692388
523075417
904481281
922999791
412856075
502451677
68371983
690334563
790661006
245973376
120475975
918329067
173891351
96405268
851449705
699351159
871810300
328124972
727767802
138635408
322467426
325566391
660547386
875101350
684484278
598073467
88290372
220696975
792549775
383500759
370444247
304296250
129294459
923236992
355031504
657699202
254617185
790426890
404809136
767155785
278919448
327017991
52260867
380801542
588263283
941668586
352562405
968410215
390975749
992704857
309316678
308804220
177076977
666586625
785544411
530397533
225766060
238995431
579056346
138788838
162702140
892208486
209190181
531087002
183756596
977566882
641853856
449916762
344793936
514445241
673591275
129009120
99390178
624542013
498620126
367189238
164588616
696556835
256693648
245151284
27695306
329751670
139820596
426674009
383091053
111108144
300944269
928268800
644084204
860296221
716883916
858184029
765853260
341723484
413499667
379176378
991912812
37585733
563411343
181977379
797480565
996641855
133823613
579609081
828506618
186711611
905555596
17423296
615923249
431263812
735639843
370159263
715430026
1904621
626000819
513530495
929099663
732081211
651886788
607287878
791147052
212577032
166806811
54055985
567779636
740033856
29778919
83847188
912209090
88312460
237482466
669906935
786617552
273819389
832819254
72784666
938278892
40399136
607084606
651880969
805054147
84160948
307903896
987479623
203635727
140314398
151129119
765069248
34612848
661528826
487873730
871586900
529325565
80839364
55879828
175978277
522323749
165793615
191038770
308686226
579893472
230230548
754970803
798576278
211861497
481228934
191284508
966652219
408429508
779848897
297936422
96479591
204873220
128571194
719800287
77747926
862014579
444815570
228417629
529630352
560385712
57869407
772457418
165407271
825769043
593683296
15314176
183983035
744669923
123012878
190850623
437105435
126330237
830660748
39434497
72168107
531717005
415497670
250395605
309930016
343163473
285762053
290911532
903917878
482928425
76496753
405859187
946079207
941243220
59022861
761594101
240776684
895406585
53789824
180648802
291171929
427820652
126390179
473317150
651549864
911268118
609015936
809822424
611530896
589059103
761317365
793338637
63005895
337193709
630847114
983758694
912354061
847600201
95079925
853446951
874439030
229761274
952108561
313387523
730543353
266147684
292806284
354061423
498442286
672009958
622434417
893205089
886497070
169984791
981716633
274939920
790318654
153182254
409048222
606112021
892882488
57624966
566673883
712258291
629059533
784933812
950214729
49517154
302877650
972085436
940846493
203634286
305329660
580588238
796496500
689987043
240514223
321011282
445058400
518966437
715526301
673254572
14424460
252972144
518745751
915777778
996836107
321665027
725086708
207614640
710817897
631296047
124517811
843303392
655448773
6526793
986183715
490892632
35839283
671914629
223722994
213002775
954336678
869179087
693552489
73345509
389522940
425022204
318741022
280418544
975060734
399018077
57198383
429651858
737755338
272922394
843154598
878308394
630934183
774459344
952850425
875937964
42848322
330841671
851692548
355190035
969589216
424791362
698979376
805152508
786504523
464546295
223943865
455523395
549580157
464558391
86084356
121511982
445010180
337401795
862667280
859026308
338545347
459361885
665521923
44203423
991686452
529870055
606655702
817693297
632035806
731075830
118591655
689635570
752602067
407849127
191189889
368642448
19141411
245760123
309251964
824453292
798006208
372388044
181746811
403203959
723684645
870493587
384199909
285906664
15136392
307051777
157198123
104548732
112816601
20720102
541403612
552488589
177950589
623277538
355873046
406117304
977846729
552789206
98093031
835674072
137143586
987638573
786223836
888074095
433674365
490089464
494217004
284974464
224800085
878227388
292233146
644748337
871542972
584842753
572579497
259998867
958640620
565870353
110637043
171945796
185199430
820446113
491208154
450314731
50339364
25929152
667875547
417404024
860394304
787976925
127727148
798730927
898103675
887087760
353384495
207912991
63389833
196700030
916023934
246085792
882436493
843141978
827606746
500764372
724589219
759371397
126081392
893256839
952624093
572693398
874930944
242121978
892642924
938103975
720389664
640744547
584244666
963334282
719322351
961357584
686453206
316666566
108852557
807578739
435344821
575627230
425165356
898812633
376318610
515251982
888637054
688818673
249007235
984085894
993814776
396224396
2059505
886700159
268533556
734011340
206504222
670613275
256121440
859212579
256505884
355926081
627986589
368684738
704617336
634602187
137065244
161861057
107977929
343175351
516938370
964179842
245903339
865616872
801576087
373589626
277836208
110974452
93649985
263653019
19390085
332275756
569928375
390764313
567849266
937332989
983335773
644588168
646439244
721384096
266844621
573893138
748853195
343729940
841769834
494034132
967359232
992133578
854969200
690403324
59133203
147379691
98874235
198441194
329752209
738951201
241664337
161176067
366339328
238079632
617114728
560576273
732716115
446575135
789040998
553733685
312289463
527720725
617480885
323429905
211598796
321350615
560793723
860558594
142871260
965199401
946977935
874909982
694889590
162261204
907643809
253856347
183920416
814979738
606540312
566033573
814833041
888527040
150262585
276666394
996780699
233036554
178257783
397352935
855553318
499412553
2376214
235797433
767627631
549859064
399362877
880968757
731762347
609251791
903801784
608582802
250580951
951783544
451082880
698036184
860387830
419346300
944193053
710628595
45651453
19285161
873440584
94763682
863878382
752598923
782710214
946776493
733512817
23824363
205067592
645984869
124669983
847682253
707878063
156190695
159691914
408025643
407069176
638503394
218994879
379768445
24512839
832119281
336965230
311947185
396683099
20811384
383077977
984786488
513346590
416691280
251247715
400012781
972417024
378311199
114973254
710320496
115148423
801392706
493709231
716682860
691861581
104021665
270826943
809773588
99050034
592581691
724958743
692636944
825492368
47805815
160537079
178987137
745949970
796244038
733320625
215074340
957942815
670208820
463499639
964690882
951431781
887573882
820200765
1371261
233395214
863772066
59319439
183119240
651463738
563560932
683171138
337022813
71962161
67235189
169053134
711175231
725799787
288700999
333604052
76539888
277507251
377709516
881487955
244534210
216871230
719262898
231085568
133651256
533994086
352356046
472399243
373244019
582012375
444106314
472516236
499977718
12377515
269541262
50651006
864400913
606514481
816234495
434738294
223988137
596723748
673285961
429417408
977721538
551148021
600177817
556176485
776451750
265479849
42074192
631335090
44676457
93716139
705276838
470647610
790865847
677225998
161290978
318927153
601663116
56768405
250989515
171942371
443343831
921111140
802395822
765450299
825383501
747420954
137137486
741197875
666873411
511426377
799923168
392811405
809262307
758865867
484023652
879474505
281492555
771679109
312289365
709496277
753842852
605825709
806608064
602506091
566037749
602158116
440420533
627543039
789401298
476246753
807050219
110982655
128886047
162544612
860683225
451194284
556502008
958459514
756374704
226913711
543938273
538843981
923460505
842804422
621848375
91257442
779628708
112042720
695069421
184966554
577743958
790179152
663836921
880201406
533222100
538515883
216400112
820311564
614331997
755935731
768211121
992461890
366797884
899902338
544078661
178281959
870857314
660097024
820345137
320237929
885204659
425314419
322929645
253011515
995085589
795181088
969962322
200960363
719781014
923322428
710015408
815148770
609900472
374007575
534894452
873830946
470003819
474576840
258074084
63186640
729482984
401459511
354577533
231694638
53017994
800045967
453412394
282397543
180744106
699189635
506833457
642769303
650786820
456499819
704274692
684004263
566358400
71497171
951565132
806090485
309181153
422977678
970964914
893000340
582931104
359406210
319013410
801811639
693461550
362857898
712382347
907949772
952321166
541096261
150892657
134655292
909263718
417713825
773229001
120127494
293401252
976089335
946675575
372951409
60362428
631399564
190341248
720270870
441204228
70698189
406413350
466466703
856041679
21889316
698184971
564104050
430713763
61818782
14272213
255958392
51399164
148201118
541243934
410437364
392859806
249123405
83415861
871138371
782680748
992305478
601715993
407299066
866015445
399469255
234316435
464694425
873427473
880877276
616928446
654156087
447856672
14628753
685181377
787572450
997631300
663643355
691763678
207162687
412352898
200212915
592176667
631998247
467086320
920271490
641309755
577185228
98840932
115275200
142209492
915707511
413458730
842134827
217812432
450814007
324137715
275665072
647986716
461137193
446177909
170412891
120207673
595012576
719102437
68625449
881818078
23038194
991576937
607249515
588709718
434668939
892191368
66581079
608817122
545777802
615059241
474324631
835653113
856623648
255226312
803822940
207087732
959699919
356599307
170314
90227844
971127584
540304170
359575311
930929797
850298126
217880719
639664358
770072340
739499290
11966424
837242152
61638196
632577482
584137744
552140546
828511024
834432513
952574558
41169984
265896034
216620995
83028124
532545508
325198669
366552919
413098087
397936818
858147633
398519983
275421868
8468243
593934424
616197509
700356571
443951818
470500593
155894097
13409030
976382462
793255699
524710656
751533100
479076712
202259538
25451178
672548119
831452349
827390310
431059097
562056611
447972366
24356671
745424787
752578691
49808276
980045433
345799154
862992428
559766237
226345984
598350749
961264542
400293345
850907114
877955673
329819236
175697430
988115010
120077176
294318960
385872527
931740356
678683662
690577432
520211716
614713523
405589942
915477459
771911646
364064324
568013073
473894126
491303081
406559978
355122456
839762211
105346996
623895308
949715374
895265479
570851128
240203994
255097994
106675086
695013257
562238286
412514150
189521708
289722353
114609505
712768941
10230537
942836735
917260399
992265480
413855889
14432401
627776640
152837591
204198174
441593201
37281387
300674022
46840107
28788408
163084438
663493745
320074006
619035006
194676399
687927509
787990953
684309257
917519653
361874003
468583633
830852587
206762421
676686874
691744891
824893423
942024240
596593795
338974762
936793151
524485970
2020245
868590709
854724774
573760243
700684436
894351814
659984062
77061170
566018686
603919766
160294980
449745808
608136694
303663042
369577596
157999087
645299058
412392232
941948018
818633821
604778399
315537290
227596724
795684314
249471786
568261813
811170651
735108016
815783013
912508175
605892518
238847137
924940969
310148772
934970485
932778579
344444280
625095327
786536362
391556923
742733317
194109553
453959827
528137577
850678286
88353561
334132494
795084977
113118607
585119439
322971391
778651134
720789684
71485240
324096188
181410915
87936863
226946520
131104149
709815598
859409603
290773028
655785184
48538949
608278665
935798018
145567495
683313954
90694674
61406245
609973268
428827763
515382566
492241340
422520597
449646851
388398931
398652594
634875588
442478799
691733066
485362345
709393342
519293967
334272641
529249459
931805603
210030051
399511449
663885661
612497586
937187526
496921239
182554553
504184368
610448030
23544568
258396556
491607642
460897441
9283660
112187951
726834284
291815190
987089367
91646892
4123435
248004646
280178323
852408179
935316109
753933491
621482469
631264553
578982303
423190139
393131568
47323482
728516876
806552108
820019123
725365528
36081209
659851393
337193120
175966982
498848049
238288396
1260561
475141175
903528999
267234077
321481426
438517620
708284225
224096236
575754237
660693451
865258648
696723782
927120874
864376827
495854047
209026263
811999481
922961926
324770617
256865699
217687718
978716686
161501463
216274873
173209530
888313362
980313873
756408939
282062125
302873542
405912839
815297063
272943003
412005793
148964915
64493257
654793297
448675293
717708918
769352445
64704654
984168625
838139361
569395433
279846338
457992067
748664952
292421995
427791366
314744774
771885006
324768815
947611955
820996278
680533748
428198074
368977314
343341498
758892188
746076484
119046093
706226737
329972599
753729388
87145417
791554029
121866322
553056642
417769438
566251190
382340445
264874917
785897136
806935650
345266535
740098278
107093917
31777912
508270584
131304330
954596877
260449809
635085709
600121227
485088423
772700920
535815281
437247670
826088481
34039213
910610857
236993797
622435691
871890449
551639652
965968591
316798473
949677033
727613546
409465091
85099528
464819410
539804064
755622145
449616303
992712647
213072112
319559459
169161092
22515456
862424173
766467194
510140279
245725546
161789018
818261831
341173158
298107148
278945040
