699125565
472393958
179781506
926071922
881327256
569318703
483589877
201206499
335825567
662295298
287110811
486321046
678767029
133583455
317452494
347293909
116930041
88476056
311960804
597087075
727443005
707346792
807854893
25428919
0
494747342
494747342
103662337
473150639
703324191
469990323
324111885
594543448
906945255
460174900
75677722
131893403
667112476
147077926
676880880
302713285
662142723
897380768
798562574
277336746
716054352
457058490
202817995
41988197
424417468
541319007
600288786
910765177
803291782
545527330
787702551
242640832
446247767
735454467
992044598
721420742
717819070
910837215
523708572
555395648
60841246
944032851
256022408
200345259
835866971
296323094
272570160
901346558
807907003
273450818
528394001
798845985
38916443
311663739
452673811
124045661
446583661
725215946
825895816
145108745
458934967
382568078
622144034
580871472
501583142
341229647
267072100
533941490
606386084
113573506
445521062
826640363
508386077
202355556
491216677
691771343
188665145
197329916
278215548
157797211
228100307
809386006
331661139
314339052
93544514
448144303
960991254
598201836
88510620
803862139
99400378
951489141
402262431
184848371
111031222
572789676
12441335
414061351
196105521
332360246
974123902
604462358
210058178
24789998
857711272
839115265
927239070
468681252
661413573
452278733
810587339
673348306
782349700
547247804
275612409
516277818
219331673
266873144
106190297
187400066
325860367
712158969
612221929
165516133
973956142
47606906
118857364
861548612
53848828
838374104
895131012
91139932
709998452
2312924
563602669
228557508
168468728
952916832
443128971
390497727
338261519
781614346
295649715
679622942
507250166
848424638
305544705
258941683
802386952
629913834
239411829
201759245
753695854
316758862
489782453
322523224
952127425
811896032
601967814
356940917
100474451
216747408
240261442
9983292
284290590
689641429
520648121
801905035
146133105
292564690
615539659
697744566
19761265
172000211
508175
290976941
449717565
587402670
780575210
466155313
388927881
139004839
887587905
352273235
898360632
163032204
734001677
398232598
198421688
25761691
355701733
107821121
968907079
295568628
32265539
433029661
342147765
220373467
523577292
91874714
314524609
238889031
410931930
719153722
791334853
123473745
873609234
813879158
187692524
968815837
126090235
625720931
292658759
568499726
251395204
66855507
988048589
740603479
408940685
330079646
562116272
853993152
486658767
968457587
346485300
516343939
844151960
184726800
192855660
765980701
741268206
307685753
369766259
52638170
956835953
83735206
684276704
756680184
475767164
610323835
796626535
480447768
31432404
531899385
304663619
328084697
454624180
690325898
187288423
832404298
432971477
239612220
527417931
585984161
354524092
188154748
559884609
28881189
602467092
998097172
541917200
991503954
994589726
143463841
472830543
571728173
567754339
108258663
903267735
358000985
278176257
590261719
694234452
78551250
463425875
546627861
322324308
494160412
148075151
403111476
749643945
130441160
220064518
358009502
954549843
777289361
723985316
398375547
832583151
819816571
481921948
242300515
373818520
361088244
816536499
102195825
545265014
551427406
639259594
427533392
711393079
423845779
763620062
325906551
583561055
23746036
743609308
973847752
294833490
468657572
634867881
658889510
528198844
747250631
660161189
499699083
389154745
85979291
730308214
857283154
933116025
992531915
191705693
144601310
962946896
809097810
790658919
732983924
872803397
694296508
201428468
153623968
346491076
786520443
532577995
3586953
20846298
750480385
446482906
622995652
325280699
763639144
936313364
217699674
900686463
516756789
660518383
846331304
970344939
618885424
320969509
608581570
756385614
541554339
886614624
533772226
604097961
261787737
347302051
237605898
202117741
574640678
438850290
187445493
273927737
370778250
409244626
980235317
930951711
149324773
11448364
605802065
536300307
768918268
663104371
480549788
736062130
886439543
407736796
924027173
60040374
576261417
989010187
605369215
287554410
769686205
217846707
958886980
699382354
148106855
724540201
439742888
447277099
270270584
767635717
814682842
628318979
286008102
755555072
336442222
528767651
895113125
519335569
573207073
259897081
58655826
906931389
318640118
885385157
560366737
455381415
737131920
360319081
44928639
866834087
733088612
845906042
337932880
479140299
840651370
369743953
193719232
740875992
419336001
788738496
269885188
39095709
654144886
295734280
743995520
258456126
566041308
422843013
473986376
226784297
243427902
72323979
987614242
321173557
712579803
93930485
890640556
128297725
550136129
785699437
733580739
288048392
51223052
417222916
898550061
945225202
207584330
534002319
686389461
782809450
765121505
708978365
881142443
886811869
650771227
676656762
199167289
52378405
972190552
594581998
203358201
645971474
260472189
485838315
332432431
159576353
100343324
956850759
364347227
971308824
979641820
105728464
738849968
968151842
426156321
94789512
925446870
354063995
171093541
354442759
231212597
372022576
950912783
299057745
561063971
539958447
341331437
742165043
703923716
782813717
651788998
892328459
418833685
884902218
312509234
606347806
135958205
755253592
155781227
489164526
60467276
872432557
222391141
395714911
243551269
224669987
164050105
692611196
272082168
803109815
445477858
376220724
111010681
746891439
984103727
462254318
95171079
758880001
982421118
750175135
116143608
39596454
50490420
406627758
422961297
238770253
719701328
510488133
773781688
995170987
273672919
271364077
474287916
81741282
776328944
574494290
210077873
646387027
605787581
40616006
801950980
426762688
725756104
392639924
425793338
46411234
215887026
683124428
813120742
509388555
843522997
229729821
373774994
242694243
438193149
117511008
908922224
27461747
317454668
11357975
78739195
104710265
439113858
459486263
27100761
786550931
227743848
575287581
920160042
589461907
358142153
877724414
398709734
354356021
526602856
132374875
36790522
430126360
91932960
682063424
285706387
267865256
59034681
985520733
302222424
676150780
413919091
516077260
586186326
808258299
573578563
928246538
342741933
587871553
261584026
812864676
185556507
122707301
586776440
98243032
188366955
941774412
570282303
48254562
815626679
160021640
565272754
594145059
716837747
180617234
440087584
18930529
931289621
226711610
792606729
140982206
620629987
155350567
442266789
976532887
567482364
903660811
891423868
529734725
803535779
612267019
390543496
927555521
923675798
647253615
37094403
410691102
65984201
229620194
496881399
152699200
834917028
889870789
40486423
938534726
33202090
333297060
35732631
560835970
939795940
444508435
240266690
578465296
6909005
163254608
902394729
375141885
237361085
896575602
341936608
556763605
321089179
659929840
159257667
442811425
162207868
173441753
973611925
867289049
961100779
538583234
181614661
131612537
520162545
880500000
790295873
713463796
819518865
646509386
304649236
219107403
388747688
748636763
886441829
766806157
152197118
519777062
409081286
696179373
621209272
987299996
826809432
568506289
685804608
141527309
435087195
682517963
945555968
615814177
7940369
878726555
77280917
648189180
963680194
987041299
860871691
346439570
190682423
423207172
59053352
116269023
78536022
150999450
898774344
198887789
182950462
29055324
858837773
185216943
628434775
177554083
514373795
299342044
460483244
280376408
258894010
314861646
533343002
718776785
414678256
834641251
384209429
303467215
508036616
992419276
707487051
424076528
937704364
777801165
397704616
174967976
692726712
796784184
559376098
26470582
34444543
109088551
327955353
397462802
222510372
835870087
809298061
237817693
590492622
972881399
330072945
249162421
176830686
987937764
564283710
378191805
296725455
303233262
210855056
970737403
979932952
77995904
25849079
518266431
814073135
350352887
844551681
175743016
854275880
103592210
35331766
207867034
544441765
369877651
156799456
793600460
501423164
730600522
357582769
107423201
511284833
697982526
530367633
934506735
191225084
307344652
758818147
96350947
268620072
621755528
527926681
597864894
891537791
925321332
65964483
734946026
883417076
750712258
992444626
605946099
218475015
944759646
536845700
647241314
21797910
237628
589885217
156323452
213881404
730678933
483809944
558720466
154929167
774750893
951334448
294798484
202640082
364004677
371196012
863330317
983214556
929055177
295938844
949880238
278482712
567684033
111273539
94653982
336076715
808856901
109945043
958422835
779877145
397164132
834259145
335910514
820828250
885699499
904767521
562264196
283056323
170240025
650241606
333594011
594149361
105367038
675320993
443721640
503763615
234358022
68455856
986697418
777589957
257649066
797250906
371949765
756482327
448977086
188005072
588247210
338198107
126846601
57169100
468673134
116252553
580377565
908992028
976354049
958953930
71707345
552529031
416392992
356216709
837480346
986650097
277619553
572173687
959556349
188134077
275039163
698793739
959883925
898079497
611522478
237363983
504779822
960708892
824677832
52922193
961153176
176101040
950433922
540570150
665091378
696879296
616271130
462750580
832620212
293986604
676193490
729608512
576674411
699387874
964304702
931429760
528885254
983228561
433808447
816780057
0
473364874
697652257
96285226
650946659
853481059
288718984
343381055
720638745
945535981
390831736
385558178
291281664
159530094
792379090
846133536
73879320
618343654
257082254
707433969
219401745
139069599
900410292
523477964
703505813
13565116
95618617
612980337
359156947
290814999
673642626
588873574
276310858
500656105
834769251
103673869
698027395
517582440
427436630
143333880
945463430
967768501
997680365
934344371
531444459
44374752
461722505
380320429
389402886
18412214
188761418
661735799
905035671
419436106
751645469
364542594
885332066
421896033
82864251
831167290
956033182
856422672
343695969
610864265
505254292
469729190
602441825
808971953
882367350
115889073
977929304
314294275
302353837
311624158
34501151
602640107
818945531
218714717
402619184
9851811
304020652
209601751
536617297
608504428
814855618
748235000
936814138
360967212
580465234
759602518
251085229
830560411
22398883
285393391
895397714
665717326
147150327
82222743
251468563
381942701
402529804
557193306
423219819
493358539
418798434
931898986
676036887
869574366
424808941
647499710
796136648
13889692
285659365
50169339
731125424
365520235
78912000
74154579
219247487
206652168
500176534
31237175
465200596
509771591
607789459
308175596
792873490
558296478
514536476
650629300
105142041
525161038
841309903
506709562
614162296
972382695
176873476
444426849
8164617
601369758
457378845
769495190
537380279
443036136
952719822
800449608
248376672
293495823
48148885
603089778
561294701
294417803
697522094
24831095
748863889
653281946
302259770
845889227
486021630
557722996
790536424
976354112
700233280
402374905
808623526
502811268
660531329
122374158
132402766
374221558
982907023
80675006
810383185
819490041
867236847
767806064
926547921
786799725
313369239
82552288
39827568
231497619
159322151
961905022
833634187
963495062
242539699
712981997
738603561
746043361
311685470
269173927
499847033
158060004
642649022
412623670
172150696
227850199
150124564
380240864
294069293
968913735
592633772
786335037
284432235
98879301
347400414
521002273
43865411
519306157
990902539
82532180
833249329
279473451
228676909
30619729
551980292
576883151
368528095
862162273
965708289
197259107
505894161
79125078
459734062
901413731
467150304
166998855
732153551
170585663
546673058
222781543
375604379
305851314
772655315
41670558
33150809
594725219
298254263
803122050
433066458
393804554
281832807
388443489
378264312
756973328
395682322
285866125
587795189
562763617
965818426
648558319
723146820
581728648
853400730
780694657
745772946
577246788
223273817
409796346
938965711
788697112
53506282
542994317
835951764
116344344
916392828
88751288
390068184
932154305
857845015
246302282
585256495
557287773
181476732
366084675
453359460
814427050
356157386
787710634
901562915
480370550
107486674
346555333
536025117
230404845
656090947
114415006
341174302
60745199
719794772
798243829
493342319
540978230
673620698
433792567
597024064
320792869
341196870
919298586
69647027
589276129
119779288
489488396
351734348
425410659
840182739
492355780
185770038
124356754
352435281
166541116
353071631
252953734
366456024
186160779
731522682
539078983
189420882
678297277
548215475
282711817
324503263
225340419
238464173
351886272
588406301
756274212
694411920
857496476
617250143
668460669
593576192
653564459
63798103
361175782
891967043
596353766
816597713
897898839
773322663
440393699
98609270
345038575
993586180
516481146
841257355
729864791
169360723
78754147
317641047
872388450
537871753
131111288
834464289
375335540
721730753
857496687
378315796
495640308
904647725
142558723
941512455
170726076
763998543
811006118
277943812
345950311
610974663
422153912
989592013
150095029
523272474
930979033
563247778
470213587
519064627
111086625
74961215
579653276
117970241
863681265
927684909
776584720
99897679
234081775
890698733
927380970
801971009
285542180
898693649
411048109
569839844
685008222
633565880
219852456
373682901
676035335
848512052
821340159
881631969
831530435
306313390
729281370
781812221
55990457
41499466
730996581
754797853
968939310
609233613
420153387
367386352
23948592
547434253
819504180
440265283
596327748
289021410
633630420
28769888
703451757
627348332
992988765
661677412
129371247
260827334
397651295
543276805
771275863
35379945
288207895
146598425
880221169
722235395
785792902
797651584
493443905
17785748
271564241
639782513
156500504
452759715
447522192
858173345
145299865
460431042
308267638
963271251
486009910
560347670
369986748
416516104
987457269
30446295
964132687
493060289
