10
8 6
8831 7735 1885 7922 8373 3405 2193 1081
01001000
10101010
11011001
11001101
11100011
10001011
8 6
8941 6552 7498 1714 8756 8902 4361 3446
11001000
01000110
00100110
01101001
11101101
00101111
9 12
3811 4401 6483 9951 5123 8336 9231 1287 8917
001100000
101010000
100010100
011011100
101010110
010000001
101101001
001111001
011000101
011011101
101000011
101001011
4 1
4019 1396 204 1012
0010
4 2
6010 5931 9309 8153
0010
1101
14 399
7186 1700 5103 4054 5573 1869 7721 3276 201 8731 9072 7919 5701 9513
11010000000000
10010010000000
11001000100000
00101000100000
00011100100000
11111010100000
01000110100000
11000110100000
10110110100000
01001110100000
01000001100000
01100101100000
10100011100000
00001010010000
11110110010000
01011110010000
01100011010000
00111011010000
11011100110000
01000110110000
00110110110000
01011101110000
11011011110000
11010111110000
00010110001000
01100111001000
11001111001000
01101000101000
01100100101000
00001110101000
10110001101000
11110001101000
01011001101000
01110101101000
10110010011000
10011110011000
00111101011000
01101000111000
00100001111000
10011011111000
01001111111000
11110000000100
10110100000100
01011010000100
00110101000100
00110011000100
00011111000100
11011000100100
00100100100100
11010100100100
11101100100100
10011010100100
00101110100100
10101001100100
01010101100100
11010101100100
01011011100100
01000111100100
01010010010100
11001001010100
11001011010100
00111011010100
10000111010100
00000001110100
00001011110100
01001011110100
01101011110100
01000111110100
11000000001100
11101100001100
11001010001100
11100001001100
01000110101100
01001101101100
00100100011100
00001100011100
11111110011100
11010001011100
01101001011100
01011001011100
00111101011100
00011111011100
11011111011100
10011100111100
11111010111100
01111110111100
00001001111100
10001001111100
00101001111100
00010101111100
11101101111100
01011101111100
10110111111100
01001100000010
11111100000010
00111001000010
11110101000010
10011000100010
01011000100010
11101110100010
11100001100010
11110101100010
00111111100010
01111111100010
01001000010010
01111100010010
10111010010010
11000111010010
00010111010010
00010100110010
01010100110010
11110100110010
11110010110010
00011010110010
11011010110010
01111011110010
11011010001010
10111001001010
10100101001010
11000011001010
00010011001010
10010000101010
10111010101010
01111010101010
01010110101010
00111110101010
01111110101010
00010101101010
01100011101010
10001011101010
10011011101010
11001000011010
00011010011010
00110110011010
00000001011010
11100001011010
10010001011010
11110001011010
00000101011010
00110000111010
00100100111010
01111100111010
01000101111010
01110011111010
00110110000110
10110110000110
01100001000110
00101111000110
01100100100110
11110100100110
00010010100110
11100101100110
01010101100110
11010101100110
11011101100110
01000111100110
10010111100110
10101111100110
11011111100110
11100000010110
10010110010110
01111110010110
10101001010110
11100101010110
00010011010110
00111011010110
00001111010110
01111100110110
00100010110110
10111010110110
10100110110110
00101101110110
11001100001110
11011100001110
00100001001110
11001001001110
10011011001110
01011011001110
11100111001110
00001111001110
11101111001110
01100000101110
11100000101110
01111000101110
00000100101110
11000100101110
11001100101110
10101100101110
10100010101110
11110010101110
10010001101110
01100101101110
01010101101110
10101101101110
11110111101110
10100100011110
11110101011110
11101101011110
11000111011110
11100000111110
00011000111110
10011100111110
10010001111110
11001001111110
01101101111110
10011100000001
10111110000001
00010001000001
00010011000001
00101011000001
11010000100001
01010100100001
00100011100001
00011100010001
01101010010001
00011110010001
00010001010001
11111101010001
11010011010001
11101011010001
10010000110001
10100001110001
01100001110001
10010001110001
00011101110001
01111101110001
01101011110001
10110111110001
10011000001001
10111100001001
00010010001001
10010001001001
01011011001001
10111111001001
11001000101001
01100100101001
00000010101001
11111001101001
01101100011001
11110010011001
00011110011001
00111110011001
01000001011001
00001101011001
00011111011001
00000000111001
01010000111001
00011010111001
01100001111001
11100001111001
01010111111001
11001000000101
01000010000101
10011010000101
00001110000101
01011110000101
01011101000101
11111101000101
10100010100101
00010010100101
01010110100101
00010001100101
01110001100101
01100101100101
00010000010101
01100100010101
00110010010101
11100110010101
00010001010101
01010001010101
10101111010101
11101111010101
10001000110101
00011000110101
00011100110101
00010010110101
00111010110101
01111101110101
00010111110101
10110111110101
11100000001101
00111000001101
00010010001101
11001010001101
00011001001101
01011001001101
10100010101101
11101011101101
01100111101101
10101100011101
10100110011101
00010110011101
00111110011101
00010101011101
11011111011101
00110000111101
00110100111101
10001010111101
10011110111101
01011110111101
01000101111101
11100101111101
01100011111101
10001111111101
01011111111101
00100000000011
10010000000011
10100100000011
11001010000011
00011010000011
11010110000011
01110110000011
11000001000011
11000011000011
11001110100011
01110001100011
11000101100011
00100110010011
11000001010011
11010001010011
01101001010011
11101001010011
01100101010011
11010011010011
00101011010011
00100111010011
11110111010011
11010000110011
00111000110011
00010100110011
10000000001011
10011000001011
11111100001011
00100011001011
00001111001011
10100000101011
11111100101011
00100110101011
01100011101011
11001011101011
01111100011011
10100001011011
10111001011011
01011111011011
11111111011011
01010100111011
10010101111011
01101101111011
10110011111011
01010111111011
10000100000111
01100100000111
11110100000111
10110010000111
01011110000111
11101001000111
01100101000111
10100001100111
00011001100111
01100101100111
00110011100111
00111011100111
01111111100111
11011010010111
11110110010111
01000011010111
11101011010111
11011011010111
10000101110111
11001101110111
01001011110111
01000000001111
00010000001111
10110000001111
11110110001111
01010001001111
11110001001111
10011101001111
00000111001111
00100100101111
11100100101111
11111100101111
11111010101111
11010001101111
01110101101111
11011101101111
10001011101111
10000000011111
01001000011111
10011000011111
11010001011111
10101111011111
11000100111111
11000010111111
10111010111111
11010110111111
00000001111111
11001011111111
00111111111111
11 52
5958 7782 1005 1034 5648 9378 7298 7798 2247 3705 7566
10100000000
11011000000
01101110000
00101001000
10001011000
10111011000
11001111000
10000000100
01100000100
00101110100
11000011100
01010010010
10011010010
01101110010
00001001010
10100101010
01010111010
10110000110
01110100110
10010101110
00110011110
11001011110
10111011110
01110100001
11110100001
10001100001
00011010001
11100110001
11110110001
10011001001
00000101001
10011011001
00000111001
01110100101
10001100101
00011100101
00000010101
01100010101
11111110101
11000001101
11101001101
00011101101
01101011101
00110111101
11100100011
11110010011
11001010011
01100110011
01101110011
00111001111
10000101111
10000011111
14 461
2890 2884 5786 9962 9702 9159 1595 374 6696 9159 674 993 8101 9382
01111100000000
10100110000000
11100110000000
11001110000000
01101110000000
00111110000000
10010101000000
00011101000000
11000011000000
00011011000000
10010111000000
10001000100000
01010100100000
11001100100000
01110010100000
11111010100000
10010110100000
01110001100000
01110100010000
10001100010000
10111110010000
11100101010000
11010101010000
00110111010000
01011000110000
10101100110000
11010010110000
10110010110000
10110110110000
10001110110000
11011000001000
10000100001000
00001010001000
01001010001000
11101010001000
00000110001000
10100110001000
01110011001000
11001111001000
11000000101000
11110000101000
11111010101000
01100101101000
10000011101000
00001111101000
10100000011000
11100000011000
11001000011000
00000110011000
10110110011000
01000001011000
01110001011000
10111001011000
00000101011000
01010101011000
10001101011000
11111101011000
00000011011000
11110011011000
01001010111000
10101001111000
01000111111000
00100000000100
11001100000100
01000110000100
01111001000100
00010011000100
01001100100100
11111100100100
11100001100100
10010011100100
01011111100100
10111111100100
11000000010100
00000100010100
10100100010100
10010110010100
10001110010100
11100101010100
10111101010100
01001111010100
01110000110100
00001100110100
11101110110100
11110001110100
01011001110100
00000011110100
10010111110100
00110100001100
01111001001100
10001101001100
11011101001100
01100000101100
10001000101100
01100100101100
11110110101100
01010001101100
01111101101100
10101011101100
00111011101100
00110111101100
00011111101100
01011000011100
00010110011100
11010101011100
11111101011100
11011011011100
10100111011100
10011111011100
01011111011100
11110000111100
01001000111100
11010100111100
01001001111100
10101101111100
11101101111100
01110100000010
01111010000010
11010001000010
11001001000010
00011101000010
00010111000010
11011000100010
11001100100010
11000010100010
11100110100010
10010110100010
11000001100010
00011101100010
01000011100010
01101011100010
10111011100010
01100111100010
00010000010010
00111000010010
11101100010010
11000001010010
11100001010010
11101111010010
00100100110010
10100100110010
01111100110010
01100110110010
10010101110010
11001101110010
00011101110010
11101100001010
01110010001010
00010001001010
01000101001010
00111111001010
11101100101010
01100101101010
01001101101010
01001011101010
01001000011010
11000100011010
11111100011010
10000010011010
11000010011010
10001010011010
01010001011010
01001010111010
10111011111010
10101111111010
00111000000110
00011100000110
11011100000110
00100010000110
10110010000110
00111010000110
01110110000110
11100001000110
00000101000110
11000100100110
11101100100110
11110110100110
01011001100110
01111001100110
00100101100110
01010101100110
10011101100110
00100011100110
10101011100110
10001100010110
00011100010110
00111110010110
01111110010110
00001001010110
00101111010110
01000000110110
10001000110110
11001000110110
01101000110110
11001010110110
01101010110110
11110110110110
00111110110110
11100001110110
01001001110110
00110101110110
01010011110110
00011011110110
00111011110110
01001010001110
10111010001110
11010110001110
01110110001110
00111110001110
01010101001110
01111011001110
10000111001110
11000111001110
00011000101110
11011000101110
11001001101110
11101001101110
10100011101110
11001000011110
00011000011110
10010010011110
01111110011110
11110101011110
01000111011110
00011000111110
01100100111110
01011010111110
11010001111110
11100101111110
00010011111110
01110111111110
10010100000001
01001010000001
01001110000001
01101110000001
01110001000001
11100011000001
10001011000001
11101011000001
01111011000001
11111011000001
10000111000001
10011111000001
11111111000001
11001000100001
01111000100001
00001100100001
11111100100001
10001010100001
01011010100001
11011001100001
00010101100001
00101101100001
11110111100001
00001111100001
01001111100001
01011111100001
01100000010001
10000100010001
01010100010001
00110010010001
11101010010001
11000110010001
11110101010001
00110000110001
00110100110001
01001110110001
00000001110001
11010001110001
01110001110001
10111001110001
11010101110001
11100111110001
01001000001001
01011010001001
10110101001001
11101101001001
10010011001001
10000111001001
01010111001001
11000000101001
10110000101001
11101100101001
01010010101001
11111010101001
10001110101001
00111110101001
11000001101001
01000101101001
11011011101001
01000000011001
01001100011001
11101100011001
10010110011001
01100011011001
00110011011001
00101111011001
10101111011001
01100000111001
01101010111001
01110110111001
11001001111001
11011011111001
01011000000101
00100100000101
00010100000101
10100110000101
00001101000101
01001101000101
01111011000101
01100100100101
10110010100101
00110110100101
00000011100101
01001010010101
01011011010101
01101000110101
00100110110101
11111001110101
00110011110101
00101011110101
00000111110101
01111111110101
11000001001101
01001001001101
11011001001101
00111001001101
10001111001101
11000000101101
01111000101101
00011100101101
00010010101101
10101010101101
01000110101101
01110110101101
11110110101101
00000001101101
00100001101101
00011101101101
10011101101101
00010011101101
01010011101101
00111011101101
00100000011101
00010100011101
01000010011101
11100010011101
00011001011101
00110011011101
11101011011101
01101000111101
01011100111101
00110011111101
01000111111101
10110111111101
00100000000011
01010000000011
01100100000011
11010010000011
10111010000011
11111010000011
10110110000011
01101001000011
01100101000011
10010101000011
00101011000011
00100111000011
00110111000011
00011000100011
11111000100011
10000001100011
00110001100011
11001101100011
01011011100011
10100111100011
11010000010011
01001100010011
01000110010011
10100011010011
00001011010011
10111111010011
00110000110011
10110000110011
00101001110011
01101001110011
11001101110011
10100111110011
10010111110011
00111111110011
10111111110011
11010010001011
01101010001011
10001001001011
11101001001011
01010111001011
01101111001011
11000000101011
00010000101011
11010010101011
11010101101011
10000011101011
11100011101011
10010011101011
00110011101011
00001111101011
11001010011011
00011010011011
11000110011011
01001101011011
01111011011011
00000001111011
00101101111011
11101011111011
11100111111011
10101111111011
10111010000111
00100001000111
00000111000111
00111111000111
01001010100111
10000110100111
00100110100111
11111110100111
00001001100111
10111001100111
00001000010111
00011100010111
10110110010111
10010101010111
11110101010111
01111011010111
01011111010111
11010000110111
00011100110111
11111001110111
00010011110111
01101011110111
00001111110111
10000100001111
00100100001111
01010001001111
01101001001111
10101101001111
11001111001111
01000000101111
11110000101111
11101000101111
00111000101111
11000100101111
10001110101111
01110100011111
10001100011111
10000110011111
00100101011111
11001011011111
10010111011111
11110111011111
11111111011111
10001010111111
11110011111111
00011111111111
6 1
2445 3190 9973 9713 9929 334
011010
14 456
6177 8071 7452 9607 4923 8938 9651 7943 1754 9446 2890 4982 2886 2028
10000000000000
00011000000000
10100110000000
10001111000000
10011110100000
01110101100000
00101101100000
10101101100000
00011101100000
11000011100000
10100011100000
01010011100000
11001011100000
01111011100000
11100111100000
10101000010000
00011100010000
00001010010000
00101001010000
00110011010000
00001011010000
10001000110000
10111000110000
10011110110000
00010011110000
11101011110000
01010111110000
00001111110000
11101000001000
00111000001000
01000100001000
11110100001000
10110010001000
00101010001000
00111010001000
01110110001000
01001110001000
00001001001000
10001101001000
10111101001000
10101011001000
00001111001000
01101010101000
10000110101000
01100001101000
00101101101000
00100111101000
10001111101000
00011111101000
11011111101000
01101000011000
01010100011000
01000101011000
00010101011000
11010101011000
11101101011000
01111101011000
00001111011000
01110000111000
00001000111000
10111010111000
10110001111000
10101001111000
01101001111000
11100101111000
01010101111000
00101101111000
01100011111000
11110011111000
01111011111000
11110111111000
01011000000100
00101100000100
01011010000100
10111010000100
00110001000100
00001001000100
01001001000100
11100011000100
10101001100100
01000101100100
10100011100100
11100011100100
10101000010100
10100010010100
01001011010100
00000000110100
10100000110100
00110100110100
10011100110100
00110111110100
10010000001100
00011000001100
01000100001100
00010001001100
11000111001100
00010111001100
10000000101100
00001000101100
00110100101100
11110100101100
00111100101100
10001110101100
00101110101100
01101110101100
00110111101100
01011100011100
00000010011100
00110110011100
11001110011100
01110001011100
11110001011100
10011001011100
10111101011100
01111011011100
11111111011100
00010000111100
11101100111100
01011110111100
01010101111100
00100011111100
11101011111100
10011111111100
10111111111100
00000100000010
00100100000010
01010100000010
00010010000010
01111110000010
01001101000010
00110011000010
00001111000010
00111111000010
01110000100010
11001000100010
11100100100010
11101100100010
10001010100010
10000101100010
11010000010010
00101100010010
01011100010010
11111100010010
11011010010010
00110111010010
01111111010010
01001010110010
01010110110010
10010001110010
10000011110010
11110011110010
00101011110010
00010111110010
00011111110010
11101000001010
11011100001010
00100010001010
01000101001010
01000011001010
00100011001010
10001011001010
10000111001010
10001111001010
00111111001010
10101000101010
11101000101010
01001100101010
00101001101010
00111001101010
01001000011010
10011000011010
01100110011010
01110001011010
01011011011010
11110000111010
11100100111010
11001110111010
01001001111010
01110101111010
11110000000110
10001000000110
01100100000110
11011110000110
00111110000110
11110001000110
11011001000110
00100111000110
11101100100110
01000001100110
01101001100110
00111101100110
00100011100110
01111111100110
00010000010110
01010000010110
11010010010110
11110010010110
00111110010110
10110001010110
00001001010110
10000111010110
00001111010110
10011111010110
11011111010110
11100000110110
00100100110110
11100010110110
10111010110110
11010110110110
00101110110110
01010001110110
01101101110110
00100000001110
11100100001110
10010100001110
11000001001110
11011001001110
10010111001110
10101000101110
00000100101110
11000110101110
10010001101110
10111001101110
10111101101110
11111101101110
11010011101110
11101111101110
00110000011110
01101000011110
01110100011110
01001001011110
01110101011110
00010011011110
01011000111110
00000100111110
10001010111110
11111010111110
01010110111110
01100001111110
00010001111110
00001001111110
00111001111110
10101101111110
01101101111110
11101011111110
01101000000001
11100100000001
11001100000001
11111001000001
00010011000001
01100111000001
10011000100001
11000110100001
11111110100001
11110011100001
10011111100001
00010001010001
01110001010001
11111011010001
11100000110001
11101100110001
11010110110001
11110001110001
10100101110001
11111101110001
10110011110001
11101011110001
10010111110001
11001100001001
00111100001001
01100010001001
01110010001001
11001110001001
00011110001001
00011001001001
10010101001001
00011011001001
11100100101001
10111100101001
10000010101001
10101110101001
00101001101001
10011001101001
01101101101001
11101011101001
00011011101001
11110111101001
00011100011001
10101110011001
00000101011001
01000101011001
10100101011001
10101101011001
00000000111001
01110100111001
11111010111001
01000110111001
01011011111001
01111011111001
01110100000101
11001100000101
01101100000101
00101010000101
11110110000101
10101110000101
01101110000101
11000101000101
00001101000101
00011011000101
11111010100101
00101110100101
01011101100101
00001011100101
10001111100101
11100000010101
01000010010101
11100010010101
10000001010101
01100001010101
00001101010101
10100011010101
11110011010101
10000111010101
11000100110101
01000110110101
01001110110101
00111110110101
01010001110101
10101001110101
10101000001101
11001100001101
10010010001101
00010000101101
11010000101101
01011000101101
01111000101101
00000100101101
10000001101101
01111101101101
10011111101101
00110000011101
00110100011101
01011010011101
00011001011101
00000011011101
11001011011101
01101111011101
00011100111101
10001010111101
10101001111101
00000101111101
11101011111101
01111011111101
00000111111101
11101111111101
01101100000011
00000110000011
01100110000011
11101110000011
01011001000011
01111001000011
01111101000011
00110111000011
11001100100011
10110010100011
01001010100011
01000001100011
11100001100011
11110101100011
01110011100011
01011011100011
11000111100011
11101000010011
01100100010011
01110100010011
00011100010011
11110010010011
10101010010011
11011001010011
00010101010011
00000111010011
11111111010011
11011000110011
10101100110011
11010010110011
10110110110011
10011001110011
01100011110011
01011111110011
11100000001011
00110000001011
11001000001011
00000010001011
11001010001011
10000110001011
00001110001011
00110001001011
10101101001011
01000011001011
01111100101011
01000010101011
10101010101011
00100001101011
10001001101011
01100011101011
01001100011011
01001001011011
11111001011011
01110101011011
10100111011011
11000010111011
10110010111011
00110001111011
00100101111011
00010011111011
11001111111011
00110101000111
01111101000111
00100111000111
00001111000111
10110000100111
11001001100111
11011001100111
00100101100111
11100011100111
10011011100111
01000000010111
10100101010111
10100011010111
11101011010111
00111111010111
00010100110111
11111010110111
00110110110111
11001110110111
10101110110111
10011111110111
10000000001111
01100000001111
10011000001111
01001010001111
11101010001111
11111001001111
11001101001111
01001101101111
10011101101111
11101100011111
00000110011111
11110001011111
11010101011111
00110111011111
01110001111111
01000101111111
00100101111111
00110101111111
10011111111111
