277931631
938474977
757195940
596883260
402056318
970727573
70581903
348154271
517911214
847101490
618386860
516691804
789188502
802949898
678898222
393198812
112937639
171104479
38525270
650759128
567139457
459335642
215112873
20014642
315817180
116343870
743335087
614093892
898387739
792650410
523845331
570608697
802349816
768398128
447882744
709129496
413274605
117128436
951000011
61343517
646477361
746461028
574487310
75616487
450191138
516908382
502791240
832241505
193624040
542947442
737198175
951264947
258091813
606680412
473217404
63325071
435427357
347719982
30390791
895207713
903831009
113269647
869508205
640351399
349778358
336927521
318805298
581834777
394583543
895967222
11108361
130184589
348348124
426573787
236946927
572033252
114458542
615905712
20809367
301253353
413826607
652599806
196449593
263453774
429945177
707361504
759367514
378467942
723881305
691554308
204635366
102522326
920827375
341193277
438922241
118998501
729859515
212614255
654305285
709263974
432948594
404828738
931469916
866837049
539159437
460105298
54293445
611972353
897708679
70291399
265488859
993823636
215710939
68230276
846012808
121641649
737058908
173609213
281309876
60274411
678652385
37783152
180734585
847676464
269619431
43496776
340050772
946177199
887531767
911848405
476294985
807180439
557708839
692629053
725442581
15357192
895031146
479446312
564967282
468202019
955316925
545608329
224913293
512236594
283652636
554993861
504346240
107352876
787728663
115949266
321577553
356478555
983420814
905845298
634100098
311230502
756630080
466880953
766604279
324105955
677268570
862748845
243304276
356983574
993050134
846267613
128017451
127886009
649131438
498299727
40383940
841348247
614549599
340666259
248823669
814213706
441067747
572550671
680462439
616066563
317335326
161018555
920452222
468224813
147376260
607986005
700488920
543503433
635808743
788555786
729627546
244185876
167801148
756889357
75502557
815093369
985518148
184650644
175929795
61015851
137478187
821282817
137460825
725280143
123809317
667504753
962225035
322461321
974534985
66149882
746740855
846665474
99188230
224543974
674291469
584716073
217972961
512164798
90947812
270197022
179692548
747649826
732257354
589774933
756553517
244852551
656246964
602577689
867685831
198720748
483348228
521495371
953637383
690361443
461064515
847943618
921448123
931613574
243833614
15010009
308839692
661051833
569628958
471299086
110042389
306229429
172056744
158681684
893240444
321821298
658203754
613355057
95838051
980826638
268270677
723942334
742314669
396301805
182073323
885104603
307418377
160816547
704956300
867743088
727251592
861223536
60096778
652260921
185805452
601828554
509818276
283706842
66011516
880182333
331395974
754403004
247806361
868789380
850428882
131663293
535516402
121390519
514899437
277231036
697824977
689113284
46466542
769614586
496907312
454655837
21462173
973190808
585552096
250616721
191148664
811650195
507941083
484933
128247103
553812990
324692566
662395475
660087837
617508385
497389725
49072426
14744728
594810720
271665655
770690018
755517693
459663840
22882843
106606141
162842186
632795888
455826428
728178219
631527258
207240101
976118057
612540798
497815538
23214514
333284948
16765030
517549069
113519554
181230912
959763507
874257473
259210941
867057634
752539253
926474655
526111795
831785610
625597598
644963845
163385218
6590327
916267149
988525686
268687824
789526446
866909076
195392722
301496295
787146138
202023597
224367332
301653482
977771240
967438739
166891251
727124976
751738688
18262647
974553691
165362465
589851927
965380627
105561167
496024699
320882507
20546195
694538097
208453135
458918184
242288982
276221515
664775454
875549736
354449943
614190440
416076075
62786799
526153955
722399133
755755501
75169185
150617271
8201577
731789085
490635910
264172573
614480749
841793928
254192329
848140515
414785048
524812330
185500727
706601344
660453322
179762611
308903298
939123584
986981329
740693584
548649747
105774640
805707978
738266564
647532100
712623317
726273670
554875590
168524391
468272616
292475041
406780564
467686228
882661745
571594413
293970330
589989300
475493678
504923426
486044832
300447527
415100894
494351904
710995038
360968732
786681963
423673403
386226545
80593026
342170896
932515989
211628581
562121321
221521804
631490131
206071469
901689476
691246915
940600414
258672779
859934998
167362206
144151686
109360367
586653677
571776170
774023717
535343429
549892696
203955318
896107941
244787663
582790305
139611609
586769068
102102070
298788597
631349015
93862828
673106008
461163366
532834129
741794468
114077947
616508929
128488333
691804977
530853481
15689052
597324465
869748509
105808426
268575199
707288700
406254661
369404874
714399459
319974252
43212133
279244633
273490435
630754280
62888363
136777140
741193226
742369246
857698303
492171921
629857713
634670171
357171796
880371049
427870567
266131348
833351276
462586746
91647994
53689694
469798462
578912245
522653250
202784124
16184399
90831281
548294719
613399580
743722096
525260322
597138195
81636190
131111847
597239034
747859548
499690204
341780136
882494412
914189044
716251360
187637602
667800976
207863028
482686815
618170538
111535277
874106799
896887291
944990164
270953832
514688572
251030012
630795076
647437075
330603015
725901828
622330905
907924578
465904860
16298095
646613132
709823392
145423771
680243797
21990521
714677878
633087151
746688216
414354841
179498574
189317000
719428238
49652797
99684983
75835887
400645308
873130912
232176178
599297469
734458109
412381899
886712981
186971904
980459496
867738714
768248269
878644272
659354284
848342255
528696883
516982308
504252821
499840337
129248641
498008378
873886870
195061217
228546334
793913707
691088927
904602921
180423261
215409493
433841
243823611
226794709
620871055
534515874
259271311
401424381
387503339
420955228
626660533
514396598
3736030
532222356
293118874
983585243
213836590
312888368
681445318
483232219
877879911
232702847
156729652
978377524
607115785
362979023
263754323
62658377
306966951
311031586
149427460
240182695
285476029
391012723
313607316
557067276
987940450
653396860
459265747
786986003
91038320
215525408
699118530
294694079
299899419
669950992
838574678
61740867
330099078
837379135
598972294
581657208
4146562
138824490
74832557
942796882
174306170
251967382
808175224
883448210
455372080
840117656
615729329
983043114
140677162
16652599
522803931
206443423
872363552
93887271
559662343
163562260
274581744
762568626
909879097
858981919
70313125
113639601
904362065
22059475
997807683
210952905
598122315
668502094
50677624
459230252
395110507
565868503
357970245
929741485
911337374
956672430
639917823
559745525
864205898
442172317
434617143
529251695
740474077
663152207
667983519
262695186
818355278
314221829
57954683
600756733
290309434
208318027
365032463
297627009
47876047
693141053
756474954
886985971
984603345
66559295
755957136
638211451
15476565
820533303
849586473
561750830
869138501
552600965
576936853
31358816
848823933
399650803
855775685
74838313
102826767
509139901
243520856
155184578
217125959
454790187
335875699
490964293
758770989
770793154
770528868
620324375
385912185
622412116
38938760
887316946
496414492
522090213
506799526
670844268
434884070
65157544
204566066
126344861
898825562
723005188
734063376
641203609
894064516
508448376
76305861
51717061
374600358
687592775
4318447
442051786
579314241
68688573
693469741
188553967
117993377
564285433
786041398
333741577
136591995
331832416
336608641
129792380
139991360
205750348
337889331
580309056
731681852
575818493
615080609
673404412
607169215
232626671
390080446
299969794
262921034
851383875
761179652
759189874
190336610
226885878
707080446
879557195
312897737
963382138
548749225
509544820
264283161
448986123
997590451
311005781
349695669
102879983
326697238
435191117
609335714
577509685
586924202
819163410
783697703
516179208
623933407
376438820
34966312
787698082
897433835
165174141
191196052
378028464
443929943
178779764
197379914
597209754
452433969
702219756
668600367
132628799
281293466
920131232
867219070
434983867
687599025
286329780
829750039
511097017
890359137
855186203
519420201
371812840
399828389
257151482
934364723
505940028
758096727
660998387
898581717
818571540
438314554
952894274
750331004
800193165
386287550
280907032
17579127
98129053
640967367
572203187
512337512
417059629
137984811
76540812
48670309
353700343
30720388
250792515
356836921
208269463
116058215
696992826
412981453
681326407
713173728
799636033
246120773
174259303
921992917
44401855
653653481
311480861
598476499
498769512
599363164
622538546
34717334
464380003
500350171
676705605
227016140
671845651
180918505
19948206
150205382
781811712
459860673
105793418
714491753
210349806
45440328
855845344
42489550
146826247
484868079
886544524
749475356
346517424
429944986
691126654
585755097
625992644
196216262
462038642
723391042
401957653
323811239
225161765
319651142
699841295
547303101
26719974
139735389
30262582
152714852
850715424
755714576
580921584
239487619
96644060
973316038
869496031
489292098
829627016
949460106
680761905
256869374
477001084
715071820
202258005
372899342
863521397
554367163
106137242
871187580
8162410
363706018
86758219
933336291
875681582
873340176
575449669
630750676
694386911
196937840
83814398
23751913
892974709
323791031
909238844
904506144
754304723
271447049
468750763
208423443
87849045
145326759
239782576
699513784
242212865
7917452
297426416
326212029
201925854
276410504
36791600
399665706
837294145
767338745
481968814
512713129
17466139
741923145
559702040
526792081
209166331
588905379
847594311
713272940
803610246
329347189
813038013
582785347
49468694
627342786
538292938
587153109
292359494
362483992
549004501
209963502
597642245
662412121
565415469
865715503
709001357
733481844
445559431
933042585
944544263
888456867
144581461
526963804
200647972
74392469
56087032
609258027
760352317
646484852
969819706
732223030
855722430
509022285
182454171
145563075
520630325
596577902
674482946
560605824
963693100
466078917
264647400
326764656
479087180
597764551
550336021
810960452
414815902
893087334
62468350
408761051
172358322
16099064
74977127
539417861
977124875
415406167
93489045
362257641
51060307
168286020
950362184
514335978
524185698
984216816
618196798
104110888
723565910
140288105
469803140
842839468
116936259
483961472
196213223
607473327
133562949
141115294
270712064
87461753
477521210
864067480
323399342
166105802
30202718
260280197
433612871
407340407
25851742
751670722
33738945
419091040
123202294
181660629
638022257
402296922
258311400
17117712
787037987
995804166
265823873
297821538
834874600
715527605
571902362
766529691
82933415
942766599
211800987
23489218
430175481
668977866
802043382
852150193
821583981
520020140
211873398
219921748
589445422
605384620
506918918
162794702
199236484
631196119
181090778
449036344
277498979
192314617
851649469
619081740
971430487
922104366
413008426
906148764
844838765
145231252
80055291
879294378
935789396
540121077
886289623
271721131
78319841
162682123
342763160
326581790
333303612
56397746
219985243
366298409
8920607
145198236
762213963
559973267
753424248
220847069
83188530
142837496
780943682
74497608
766272494
747259407
862993797
89163818
711160391
303939641
834013788
876268355
502131234
726605839
556300246
503049878
973667697
682429608
435164343
923346269
784491157
963266534
452971566
232279797
368546092
62751928
800389250
117020995
793701902
348499320
902845618
129216371
147792989
600758058
931233431
427005677
913887687
493810889
928823710
290134362
959662052
635845559
63446402
423663286
477145064
331998314
623988866
946509457
766362447
190782908
142569530
742063808
682793124
592651836
113942217
722005491
454310664
977277276
705149946
353479427
695241247
309366780
152922379
502839606
21247236
510733802
550976862
472185600
925986755
290310982
606436420
43328602
602484419
95153291
495135098
895543862
965356023
160602965
587840606
399096843
408457087
285960635
579791180
631556671
586205567
50281191
154585709
502188746
563730259
928853512
358272007
941348672
76976609
479018407
977814046
669320512
252321312
873324900
152931037
593286339
704227163
254999456
225356090
616084593
776846262
910934770
614858575
880343389
97681947
857478637
82428219
481497431
619699491
852313936
605201361
889795069
113084142
756200147
944103365
866156810
509823842
229697866
644466895
253863426
240191705
831175960
123744221
544594292
425844383
749080922
651651662
392478338
570032395
321781990
109726252
976030008
775347901
872363081
5174094
485598923
51251841
964974675
191070670
580555693
130920826
229848856
85659667
777886409
591481504
425523566
978186185
687313134
394208231
489142203
780364644
327436574
328239028
893315399
354939029
655886061
612011466
417769005
67813184
491743344
832515938
152598311
280246952
233451975
928423708
340846664
233743367
242510048
658387417
727739719
207070982
332619233
7662580
655366384
153990280
671637969
70700155
903284609
947148267
760664363
381194676
610111315
569522772
108575857
869770617
854391428
170101035
939218574
302735433
505575484
389747774
793540598
814077450
504649517
444006884
597654705
808765376
522786328
835911132
958173827
931623147
724606961
530124823
492537346
834996512
697730035
947843192
474358814
15630766
118282463
393442326
946684141
886194886
123204561
762536842
95940566
475554163
573996379
700388154
387770599
580456010
897559905
800483244
408742059
217914542
861349766
106441531
602973584
903427898
939153296
746578673
816312883
191305984
436688349
416626767
13668153
844499131
73464778
727750707
781600733
648592075
308472069
426255402
806285358
681608009
679737366
694774668
41496690
64066280
500492813
964341310
639066479
746139133
271609921
569851331
443547810
152914290
549319256
774097977
947496187
110037576
541527288
199816635
837052162
391143557
392109074
391862248
358026959
620935045
164075538
504506070
35866685
513454069
511866757
807890182
69672905
603960808
560106837
469969952
829827869
731274114
794074194
355943829
949367466
589007661
181682047
818844531
983386703
675608249
247330033
291182338
571780739
279222390
648976111
777865126
6650186
34136172
373446701
176665609
931353376
415287237
922166216
253972661
736703883
812574794
778055356
821121930
507475495
290924594
52742771
104248360
460556653
224828616
743930667
236026551
379961873
864462721
818920547
144155387
272412235
117383321
947626984
28847975
462465977
518042146
355452690
416536190
101736373
161730844
968969299
438561014
858184251
307737239
593495200
322179137
493246813
152804052
80529711
781381883
872156381
81146330
70650859
787681712
626911899
372404749
339205662
910358025
941625788
987856865
741427548
30178756
511732348
74273461
404521229
690159073
195621587
687572666
529719548
729801970
833536466
130040927
560353602
490024377
748741997
427108107
833976464
769102957
158780141
797998611
499032420
746505045
679257459
203008904
158068350
531543205
968668817
783088564
197102128
97816001
28175232
227696167
506965594
775516258
443020137
65457604
627667643
839867748
106906270
974034721
250483383
465432043
456263034
483684284
895971295
756307447
545828661
232140932
797703622
764145754
488856912
70604498
429636794
292148855
210707579
318313915
169947416
562157845
907095120
754120247
354934211
530001465
275534733
793611154
787207790
984540640
18315204
702517871
713668632
104407127
634435264
540768443
292057303
261524637
937683425
496652153
516653122
902895400
671279511
490085012
441290087
795279951
394458042
556797060
233960744
646340653
510491982
787359741
644138689
114222450
128881419
505182108
244532555
17901128
210712330
454487036
282931231
34740535
600813130
636066025
333820214
167624328
916314704
565989287
530148961
601905181
661297192
711302511
26886293
956863830
157105570
105846962
444166661
603728332
699551062
312316635
223298946
484980330
706644246
887200628
768667927
953240009
576937158
698633427
324866609
25824523
406329654
509570913
9153888
579963369
361841400
879312161
403701183
350774614
957810777
862756314
509444373
785417074
653913730
8289763
456843546
211304417
192802569
738158058
774292223
679321148
326013798
728281516
579659710
573941548
268282602
109961841
949674346
690301225
812825293
976269778
863235207
712459396
744684077
816892683
832587536
432970648
877890356
927364779
625099119
901161468
541078523
71912041
246172204
778605392
975836251
833982438
588526806
576429894
729381368
460204924
475441796
298242045
938084574
805385763
7424573
777214120
869906906
78589390
172303871
149968068
650353758
597001074
572403392
660319507
663126608
33215231
598882640
591910246
176571091
530819853
406555756
960028184
989069276
587459372
202321182
627456502
3257981
251671254
277514367
886827840
959231778
515090822
155248826
80643285
319546209
777151292
805143644
358809034
476779788
860726379
276397681
615687939
769561862
915107381
443599634
761417612
334832459
366172333
874265078
294425605
317081918
571972284
475579833
895355498
237945890
173029727
66336211
304747455
510965797
100501135
374415556
704354055
494507744
12958994
754744974
96382479
410469745
524109859
208436050
485935150
382788358
168578200
188427131
7434178
189264011
430439429
405785408
874381404
223541759
986301520
840432738
467892069
720074405
16176175
191403462
706380948
193177663
89684220
16595199
426982551
743640965
71082388
583788025
291523817
149624809
483596519
336260311
587002941
873429697
85379336
295861431
463194482
617192828
20323697
222349227
838365525
261853003
639893187
989448301
491610706
696655313
846257902
125270866
301460239
578628367
283085049
250207866
901816229
607813413
642181662
491816190
65275903
129139442
397463242
383477445
507758047
641921272
842275411
290527456
369333946
553547659
591386253
418989496
890437027
722451477
158350155
702926776
810367496
328860067
303801500
339479464
265571722
267236650
338098969
319144035
880782847
126980119
696745545
346108197
845973440
793687785
310757686
406699555
393837923
257274132
289515425
85781854
330969914
775672768
520528882
62686476
114963342
450904468
553361069
920348672
470990763
127356815
360128673
718691455
394613302
81038140
918543146
16368418
301789136
770857401
179205202
930508894
235040011
969463668
795671828
845687859
78735564
206546871
439767970
818678538
839223379
697236033
112516769
766363046
422577262
629713910
384821689
595077535
416726019
552535453
58034762
50381104
367006386
594817330
710301620
42238163
818445054
644410167
162162084
331551643
927479987
652612834
446969898
794065558
386325012
415691394
851242996
459128216
12197109
290614108
571489272
672149934
785359901
75094941
854943679
968430232
826886225
690448886
128394559
705317688
568393410
229005103
204618704
273531952
84467702
579763467
295568599
461928108
971942773
665805109
600331345
332777017
799434519
978438724
287972507
671850511
23521334
643953708
760936468
18782107
831050038
261622849
402642912
140654128
912296677
216867154
93009394
931570233
728654327
448755505
338510374
373406866
861662857
980513886
342797044
456616847
988736895
516929875
444729192
631590475
633581180
168213784
70426011
424805429
770426076
400952720
814026743
162782492
10524775
718416145
312324109
271613762
922499132
901212331
296740150
386702323
320302844
981568466
130839541
452207837
411552696
363690860
534508102
504174566
438971932
241040030
373537641
13272952
28969619
676839496
983105059
393341587
801933598
795798611
968101188
663019639
98027103
780961580
39326137
506514057
160611438
136155437
464911707
87394416
672583726
305492495
311647628
196434223
248787474
628744175
43043698
274837807
868506315
439785154
898656626
203962401
16013491
429510360
983882872
638053700
965226082
133370498
97247348
787741940
522038527
438874552
576262265
838301350
218651755
678784982
634991663
30785772
391474320
730879692
691265001
945015907
913144581
78916789
238123584
503432534
186318696
640399740
828353581
440299438
747244093
20050199
637175454
634831021
209756910
522227702
271946968
443289967
998163244
601097358
601962496
518779528
571536751
947030699
200810377
373182749
722761765
874734414
512050398
342168031
730109987
355096227
514364012
826233433
418079690
956290281
714269781
94406228
554193887
598977895
817631426
933922762
428737416
134553814
975288490
392836881
762831170
118528786
416925634
432635993
801482668
72596575
980237429
463808747
367404323
627942240
661267442
590832978
324905430
140709572
598686698
169258392
549544745
522339575
995066730
981254583
502146418
682979461
15648754
966472692
157048989
990436922
928658169
829065582
327756506
797969354
479252091
868134972
382512048
414740129
50379103
358244566
749227208
394839357
727342111
939329386
412347273
742139621
768516292
235523233
646966904
427187719
676489371
750749742
320431571
303347326
408377314
76991262
311484707
114428264
767399984
867150943
828420681
860715794
451225658
807613503
569029034
631487139
35860024
111910896
348663601
424090682
977828695
901108009
556110483
240603490
258758583
731144387
216135643
858255513
883407025
436532479
15261027
796126230
617722193
62373466
719460048
723335485
990775395
255903573
472212375
740934162
904458482
62746958
476885732
637214984
673162908
147648159
690485173
353197604
637276278
428572171
277925234
113904836
363387498
685224672
709071194
468413108
967290806
121148391
206947869
947839479
700347306
489080844
289195267
572392988
137586332
720656570
541104922
379358686
337934207
720189800
284323328
35801017
445417220
625200771
215782050
125816807
173655509
122458875
364465779
501411511
913450945
170406204
718831522
857777828
724257648
659880596
357667686
445336678
678106455
652972175
441890960
478212810
358877006
7527939
720864308
240568872
714725383
456526526
338610856
239299614
305514863
46259266
666195125
92087946
149901106
825540682
972717650
11153172
48250475
976589235
394911777
160114229
244904859
797047512
906099458
79623068
426280941
630334361
984713597
656197348
800235045
431700238
676725313
847818331
567790226
112041786
658064056
150180325
153680357
855068507
578807452
15925377
997162505
885243655
100627037
881740555
463714510
739094418
155843122
709828495
589259566
841655347
479320891
205242709
386316000
615813177
298072192
542613027
694352294
400934346
426757331
226916884
294613382
88580246
238672254
300954259
546023705
758388287
303012598
14235096
904694542
141443000
301948267
135066893
623629837
951084353
342186042
760144823
633303622
336354850
272104308
799268408
34044797
82606462
353542342
526972957
647023950
594988874
802155222
30794448
658463953
125205890
989286683
248170165
54736359
7942489
63139367
634883485
519406838
740922313
725365699
173558567
871146518
486018730
803443192
106071187
826502571
560919818
861843599
717112894
699430814
331804599
534894186
962022745
698349813
710241870
203866689
937740936
971743405
842497786
342444149
204353097
187607693
288976846
443393638
109283098
416054886
166676109
126983179
319469284
932110573
874162512
891583958
165871700
30340480
603857336
906813525
723656213
962303847
320816905
436253404
730948561
425839799
910184511
467784969
98456046
836288695
511723420
296909381
718628990
363758486
326497199
523660097
497085328
100192366
319361872
651062777
745686074
930219178
544055177
970013934
159647495
513127427
886390291
611379337
397063886
995537979
547548255
531872362
63343771
929531885
298421431
691454186
476210584
638572603
893291657
84858059
321284876
990736340
659908726
59262477
423140298
753620254
723350273
640117174
679606099
808040723
974405709
996256813
341878010
575213324
394406377
433667511
180636788
662064057
744547200
82030971
994760139
964313047
953673432
212841692
413879394
331438051
653124019
86627585
592471834
456326690
659270914
491718180
73448995
722223594
731196954
614248139
163025616
726087487
864201622
337105139
222889790
237671945
657040401
662565731
793822983
201746321
197042737
358256047
939917109
718867726
369128164
786888961
324214353
647025615
387730344
120144055
892922977
419631144
525792740
170666538
947997097
844149951
390779088
245883703
678347727
769157436
391238240
65850012
994339432
44010948
916263450
260999843
937091261
61771893
720209135
825016387
258985143
690812251
158520153
149662905
176380237
314888847
11068253
586299032
106792706
17147384
715734879
275919299
698837853
18488020
968693951
554036629
481011150
772710486
565429696
71939056
173306662
296559160
731936125
277561945
69421098
160893779
626873448
100501890
164680732
363126717
160254797
2145068
656441923
457199210
683406994
306702055
178092010
923198410
275885832
796620691
728239585
765869751
361854037
5951156
195828837
11949039
625234852
791466808
478191833
802102289
57620387
577491254
870701179
57765781
691296491
273155757
661544896
645368270
295410572
712065586
780936639
399962932
642625052
714455885
384313504
152924236
458109946
154295766
354159081
685921051
559762983
434972514
602767938
382910477
866767337
997312578
395433400
102418914
346617637
902947187
506787850
256504288
841580320
136553132
18507539
768312401
589224725
875206615
800518056
231612835
377015862
916391438
153834436
967747768
49109106
396032976
848649628
659218701
556165527
702170630
894124582
417540375
747684846
220289410
215685964
856787310
158547103
972172389
846668612
299773585
273565898
233383360
926951197
936893941
225514747
719178734
986305956
464288272
116312547
952830753
494207225
482544731
620998508
801255763
891530161
538803350
545804223
634688714
887559182
518834131
768818998
523254632
138273572
272511065
815173555
388832157
766604617
141973417
365246455
123952409
294958879
727198233
213952308
58510505
870114265
90032256
597602340
608430254
504172096
264202678
434469380
377428314
47916733
99598828
698656752
527032251
404742615
615899470
827634088
284213855
102553460
320003125
327578317
156698675
964753027
91664489
449164927
259937708
635856135
636663235
412941369
320558706
711574424
674768570
742926023
340997908
749602137
822815538
77898664
919067375
285260730
261476932
877764801
810874718
222947162
260340854
740935124
51140587
253657541
589273095
295340686
977243819
807823617
609878754
860043752
338882414
961885566
621454491
271494981
640686387
923832816
217633644
979195053
665717948
935700997
923424911
646550084
317880262
611770420
790124943
429566065
58467373
318329454
874264096
889803627
778654016
438872488
944915896
760384671
582572906
983320132
407953591
384905091
28098216
220080599
263703958
860238589
454734917
285646886
414803169
864828636
30397285
559422504
708518034
699122380
323295951
130746278
963354174
917251290
168822045
7156258
885845960
588942487
358911877
597836886
387586416
620264632
278482200
39664174
239646481
416965276
605500671
360832074
459909824
137411578
762230802
397994768
973073080
600527761
362061598
602675594
463949346
632590544
11556255
822734665
542730526
277030315
969927800
601557133
970972008
376452394
367392860
936335270
331355895
648153244
143516604
635743278
352349139
279999270
262260042
893512413
952512436
526932816
564658213
474411228
759448156
692480017
200549401
710559900
184347984
227656056
903384120
854624206
759987047
190364912
779755197
64800721
36765617
403456881
172269179
263264013
410379310
594530401
334763321
613727865
526868131
508063003
498575600
753793916
325008490
518651639
275554256
553442447
425997885
894478769
577870269
825076147
513288610
19611804
152543466
764328024
38498409
75332959
116516368
501836982
973341273
507218188
823885730
544583858
918781725
676122885
691388220
342182075
960332575
150774431
409449133
792875238
371842518
105084326
616963474
296722928
409718579
191606728
638028064
224333779
179659247
596412737
960936117
232669693
68761183
891709991
832244975
243530091
525522041
587812825
599707667
653937363
398473069
18373540
896272164
121792355
231864978
335600212
301599556
898159941
731818726
826579444
678823189
306706793
127084126
84725226
26735538
418673739
455302684
306379760
295980822
202011377
17971467
659450734
788944942
756514752
141013204
293241117
294900613
325287492
948863215
187395889
831314262
543560672
478699301
806844647
368981270
42380858
820393982
43927780
493632921
159854841
672016148
77188442
307991780
752536435
179056059
115025547
288828409
381322377
293612616
477698132
377204257
90238308
121627761
947973438
574763158
145717631
375464514
69031211
754577532
457613220
461831848
278231869
784086014
792373532
533945857
866434896
812293002
620867464
943623222
197188304
924155736
563930401
29526222
29713292
746666881
210499338
215836832
167772781
991673133
835917185
114451844
599317617
234041992
706205502
24895192
44805554
551178596
156076154
181542182
340306861
856607683
368012821
210552302
521799771
273580725
887354562
658274136
376484488
530994110
584056124
939033566
270321461
677592648
310617483
944634856
984857972
194599685
750810650
8571418
759483452
111533455
913170395
369447876
426624022
777770744
920631270
77817506
624568750
680409649
230173346
684806211
490348958
760387339
315006729
852128559
994978530
474211992
717635207
559558222
239727504
781208395
280988688
866374443
499916125
478260515
941503076
87434468
610861861
848023755
951845756
83121217
249899030
727437081
27720447
791029254
215841724
665055328
679500674
982393461
566037576
483631782
718470299
722052172
105785636
658065778
170371738
939712895
58996177
836152682
31529006
488019526
693266351
375581994
84711392
760478784
416751674
990231153
170511095
637143958
74283853
142289301
419718561
304642111
191362435
244850886
893298565
754969507
74759903
660731151
692946709
954256381
395789667
460597137
427175008
704800554
105552804
48890681
146135412
941192829
969204199
698979800
73473003
394856890
239099758
118807936
512576957
924349104
147759558
92047576
903472861
503216857
177132126
854903103
655266467
217055982
969348123
567856234
709393876
527758838
841501041
477099953
234023006
18170576
700078529
314128054
381134479
919361667
205552703
548534114
557040479
630364032
633518625
672687656
251069696
299214416
502811501
703566134
40392031
553302680
888925577
703269035
968107288
634908043
284890294
551384511
506470559
169843121
779324853
953477071
138429698
37908012
136275554
886453245
679333473
556165061
281552597
558661388
13185124
882015563
305762948
850546538
204683792
309347914
398555004
881211557
817858443
720718800
142001096
342978348
364618946
305314822
288962763
230094572
496343495
965319872
204679888
541855352
942324850
330418653
753235989
241908390
669794804
888585315
395074087
673579865
985937756
124811550
906684139
598696381
934077113
574259511
77509958
459376130
490835851
872730006
668238811
34604695
67586967
867276461
427750716
923005453
665404057
179613444
289040448
560128939
917037058
170356629
922596654
275114890
550138401
772265565
498724669
860485766
140749710
493821181
805438765
495035516
350555484
287823056
771430792
933721992
800318707
278082676
12250346
393911736
421997185
971835425
173025338
282644305
313743594
744808963
854167159
447827371
430810101
205491839
175281088
851660601
836184700
322250723
304606695
383335928
725515221
29524278
566283655
531608365
68550004
734911912
101756691
385676374
803637993
927784278
828526293
64006358
566642444
429370658
75466705
365623228
816189626
26282833
9894723
74477043
905410863
565631254
133923201
358267939
642158632
836847566
135355852
9552429
185080422
371478858
191606431
491499659
701784388
510967218
662350970
921427555
8592268
272632309
722113733
524660229
938402311
428262190
8074050
852503077
884069001
492719810
663292811
218904592
983209251
284201576
232636817
81735277
3290697
512588142
8694698
493433526
393516709
511113771
175683493
572825798
850806748
529907424
680926145
9119350
631629792
537066249
526564819
320147550
343453020
293339436
640061359
84175709
306013004
204891965
154156176
452843393
179742348
982492285
910997379
344488678
320702511
884990878
659030566
312589468
759631047
102339992
838019906
795085381
323411106
260626920
242893034
375558181
676200437
972594115
848894770
100496854
194146485
959765657
933147760
651057380
68009348
44594905
922857850
390899367
634826867
487445640
825864285
201014060
793082094
490537916
477672812
13979526
892476632
812083482
947212725
188369249
982249270
173089953
678370497
722959485
932574494
726874102
498838318
573235922
238336364
509251622
752950568
447682391
503896873
821099620
545505173
333075104
858298468
764884960
132541805
343906572
329481387
220976269
51486391
676632051
340934698
395000378
133698762
316357832
484345243
204083856
186629732
498690417
27641402
52201472
381991646
335080581
518591695
293340047
597134044
627377086
683357490
889978959
338963752
171303959
890642254
499713581
506528617
870154739
850354288
70485131
3023673
517548113
178562185
920904686
107883249
246783893
261323667
886938479
739713980
317530593
168414554
317222023
364192672
538337059
30804360
941560430
359063390
40156445
527350938
11032140
816631536
590326139
864459557
241452437
604155929
505192937
650582191
368149601
806383235
801203779
918292962
897170039
680921340
865050088
935618236
528314102
721585311
269256376
831935488
545831791
793332281
780979249
71823991
720375017
431701161
550574609
827576594
827699216
271866273
228886533
730536205
659997675
67281781
226052717
994684345
758803711
877948110
70142303
460401666
351276929
135461392
640080492
337308996
598480770
852214452
191091885
641928952
747360257
632976154
357103641
778385096
40873530
496105942
738190963
619673375
625442682
573417603
643582368
223080280
74374135
74050117
553485912
306885412
248658924
490955372
564913767
82089274
452892847
732282698
840430269
517868840
17781446
691532451
305626062
53649758
321957075
23682560
189071709
621205754
59017436
202699412
325903145
975514128
68583727
440037858
353018725
755029295
969256255
483008030
923007768
160404454
441474898
417713600
454857202
780425215
670014682
309477847
976188958
30585801
673355437
483970695
195712077
791652513
699587006
806373818
336511692
417142413
491504481
524044928
905212688
462103696
54403428
870599554
43158000
940487479
361308388
785197411
11800424
343049484
390456071
483481868
923162820
87313864
182382774
896922293
667397999
747078522
672593654
208503665
744310271
215305989
567857780
210884721
418796902
585120451
232748046
998082932
302763446
469587404
836369095
899274726
728129502
512363042
692276210
508772929
329130145
712260118
565056908
444835967
566552257
111949052
626877707
778085556
275250719
141235100
868603901
361810630
566704549
259862630
278156938
703596414
503903834
460376189
802886208
735719198
554783819
178712446
569116679
188487477
282682852
236942228
146562523
404141050
597875564
468925287
570074029
621048494
551599026
769796974
295302511
946882711
904295108
953701497
651369095
563537337
326307521
288923090
597052052
285734331
704160347
225030296
103328437
899717443
802989461
833843743
73314301
5578053
424505616
693080545
28215631
21650429
940438282
51828131
321214472
467758616
497322267
812961223
754991438
237783386
665794509
13460918
480657105
486103112
632199990
364634517
317500123
444214852
44572233
620964558
884572835
77305251
899935159
648213160
304255405
302733649
301086268
89569684
951233127
376679642
904166451
327620030
231531808
604778955
502317596
338606654
72198090
459465676
619312737
141787412
743078745
447705297
575816353
748280604
609992341
555099716
142391178
806628033
668381439
93951777
186075831
468620905
406483859
385783596
762592498
332250906
411404751
338428790
980057357
559594831
596099195
53205133
533918822
49378087
954253251
928051048
340651569
467741815
332159926
179345345
27185765
448932779
749910260
351679242
434781310
555494343
319350089
985538156
477493283
263871353
378868704
535641390
360352926
852065332
479951301
832182090
324921390
981308446
581006148
283525455
931306742
111742314
58509257
969715324
676760624
402808989
825110907
469375199
137583294
719779292
295826430
169637895
774218509
396047423
337644589
869915178
69089561
740884071
124291884
315756556
83161178
376054909
158283870
185282262
480843063
208509650
60704218
980405525
394425794
705193202
309630365
183840173
393864931
36584612
403838913
524995711
74687046
867227752
926712644
565493986
178764454
21349844
620174025
760859413
756772220
690962614
265407259
864264121
409726667
980977742
115762786
291788585
79208949
305575762
406078834
474192204
628664192
545197895
853742888
489731006
330426106
964170382
298049744
946306528
492319972
314569513
962214117
418542663
100723121
692079108
958888695
92117473
921071859
976178856
331959759
176345213
443909871
994803402
258270605
804217356
502580049
216096281
41704281
162775406
539008226
165575988
766384875
258660990
365377805
140271452
563712311
275847294
240866849
131384974
440470087
646357933
304013494
565891411
200609226
488693900
959128934
260180101
970538636
997797528
363533462
61700225
364743179
445312278
897102285
309698212
987318625
576125541
54019543
349842946
413394420
658869579
34109886
714108536
495156822
902758302
983131878
340265216
317648254
71735307
14956916
348324106
190636742
380982699
338663137
22878178
543402441
782466873
719450917
456463264
331819800
804171083
681149647
350662696
231935360
728659174
48324798
777199467
367156760
461072742
864274302
534510175
51432238
327768578
545813205
408188133
414854952
826202972
428859966
596032776
326486846
828296451
846482167
325653468
647321848
101840287
150024751
425184122
976900225
511412208
921786928
813094690
762140871
247726151
62833125
845127252
105049248
907618296
637134027
216571238
288331684
266595713
393985658
416928107
263342472
26357291
357578046
576585977
781099669
582091524
971453641
753555269
872806529
532077160
298066250
719194276
644628149
890967307
453496161
351041739
358199249
987148766
755983068
676477085
77319164
248209094
152944524
685372760
706380080
270035961
480613881
676108090
634208928
145714065
913276396
373530899
259832574
381005577
643576315
788261512
231559007
220476670
88140998
319852066
882844917
871985849
85498236
17712977
590515900
146127575
953538532
892520620
608036922
76627416
743976843
389682091
528472173
714327690
737827533
790638068
145278034
159309146
559631691
625260782
776177637
593510900
286725803
9395087
980992204
269887737
683343399
728051852
242742886
620281898
3657363
335918033
625710360
760532444
789827958
76821024
223512957
361289992
158053611
762190144
307908704
92436844
94257046
909017832
298493141
909434815
529153191
238339908
632302506
422544121
509903446
754356521
576928023
72494631
562057222
52421045
803825785
425356100
701322871
960305
457670676
735965270
234931176
604642673
80889712
88434264
124556425
703777936
765404945
268753032
778308087
950120016
947965292
306858252
313649776
204905703
639710318
989583119
121210197
40254327
31775555
182588961
59333252
131097737
6744071
214161885
432466737
28407374
409816535
676071114
258437665
687587807
547409821
965816376
451804414
671564465
42446405
182863087
322456294
370325397
848538154
410108475
940921436
776666286
1899017
432775227
106380961
660722467
550971954
192541756
456904689
67480165
508260404
874289843
953723669
62132124
888936516
862637621
317911374
209460717
151723218
292646363
729740633
638615675
321369758
344352869
657612158
440582050
653084683
479637696
601205078
29954623
856636410
796805134
116142709
952964319
673109295
954832302
694037825
673443631
946076405
168890227
391893818
234345606
820544921
104886598
355560648
33773843
675443839
359749743
886804028
462272112
295115804
274023036
276887077
606795976
274914898
147551780
38758640
883677223
904532190
663089786
556193270
644599327
132384708
869443954
277338021
41008451
504293042
835554852
794385753
841730460
107779591
687236009
286442672
116948301
927970239
985599967
390980558
399224471
65249875
99886161
499217149
714718475
206125187
388333648
476869469
116060993
60951427
433268074
216217558
873107843
660681970
415463841
102935095
558286183
954767475
472237871
664964186
909225710
405933706
811385646
205237520
680219368
272873578
970403373
421765838
231616750
422478592
364235092
986668167
769006321
634120707
17664522
630622094
578079749
584810155
293957486
876486515
780745099
735304338
962019088
949242214
730327254
808801927
939054901
900098556
356963376
382615653
180265289
122162065
289277632
875773162
196472248
957985809
164730125
390946282
983721105
595382728
838246086
966552751
588536392
826338627
646540176
310036439
888525250
47679336
203784226
337647869
276223525
663714304
703524349
220539464
834154159
844315338
870042605
611578327
342952538
971063717
733525904
194028909
891588026
811765451
71545340
825691201
146035146
17097937
88535161
308725517
707645974
848397492
232983189
29979022
600289639
691429557
771631354
463978590
544007558
734971463
498895154
337652044
782396149
143859007
379980461
428753845
637306184
687923256
190529431
923729800
602047030
701691849
337957108
681810286
254498562
80850670
931353849
754963012
49707605
92483689
838701458
370326899
716164041
118857325
881877718
569614576
377122155
350585898
383995906
406006608
568029651
206615419
450607841
830651766
265927724
421897254
933246529
454044742
660257709
63118935
746178914
785325928
45549407
810957832
140359311
26212584
905967901
808619876
371460184
371722543
910183564
615204607
735401210
721377474
42063505
883976266
380526538
886606884
668530046
134646424
668101011
135302557
242910974
604410496
894607537
836391545
985655330
758652787
50660792
684211566
300742961
17790596
855085576
153881740
809601896
168344723
573317802
276952911
5219063
28194712
374336938
634806707
297912596
661067606
869681408
180610147
951317891
826442909
871573754
475354438
35268069
97903457
234782134
183092372
65285499
41998388
986695719
937145730
723392106
214702853
122679542
597071691
185551177
39966377
410809784
627746138
767978559
144967268
92573608
943617135
161378219
986550706
846032050
773620374
414885627
89234428
817017478
39975113
140032447
251135193
401918820
877111994
411319754
538711154
339025250
748755686
830097441
209133328
542825101
245990060
1225251
277011262
790110254
427141913
87020394
994741996
753189222
129312063
559290943
711844321
120823028
788013174
646779313
178827609
474538726
574332757
259587074
167594261
815108079
328362495
403574123
528831736
583490537
883993124
241286512
489410021
670052947
803712063
442484202
799296085
923768983
10753771
805681893
710343639
641419376
753195111
362363531
458036113
164745145
874087991
452277324
619399282
555467652
671315298
53119152
142124201
71771069
751207274
573043327
709725101
494951628
845475195
115272088
848937754
786417149
344982758
298169379
762248466
577846687
200444962
622662730
459908103
629746074
994973891
315441438
52922332
180599059
769723889
309356577
124602574
103160858
335362112
3109540
733040226
453696173
925731771
467319242
81126688
488364771
215482802
734462233
849710314
383496198
705727551
847576322
926952301
12583338
886710293
365297311
128282002
191537560
496158356
988951419
220171464
525147414
901331812
941416030
788999935
145661278
336431177
772225874
522889389
452549890
806519756
262342930
320319807
55244451
722361407
422017218
897577167
76794602
17613706
864408264
442331516
731888347
371719895
214039525
48811450
972874125
219165594
526479137
979186373
244129942
236783232
622436978
979561526
20984461
363259816
467674401
548970436
454662729
473728694
872045788
503554571
908175321
924289905
530372844
807713044
21515600
606691566
48766667
589008388
668195230
473583092
738607592
158027626
506532112
956164480
434093795
898077924
109139380
222570971
646218405
858210922
27365226
289628565
693992919
814941987
670050219
943736518
987799774
410689838
783323660
367000630
221892941
201789144
916068726
268873538
613276269
509961048
712965613
101985145
373146442
651771021
762685170
526999577
188078839
474944242
329285959
296936682
515527991
916400116
28982581
759540890
779579143
924797134
197779901
258630792
444654510
653444462
886645275
297941273
503022894
174914169
160092648
406333374
993517302
799482946
289262444
892733399
676894640
270386420
537359921
942577540
478177275
495526745
475010907
743654105
94362224
330000676
5381071
601129733
944568657
436337522
753648113
220652028
624244681
61538600
545922565
972367921
953725574
927191012
633037723
179921015
545283356
809301893
585959547
991609431
18913751
375788333
935030731
597099919
456742703
159285146
556227161
694524121
663062575
322289281
716169886
595608876
13047316
581500412
810597660
533083244
437375537
803657018
925831833
669229379
453663842
115642282
470629946
876187987
949847018
609926039
486475359
749394575
354254684
9432033
477429569
969167280
491814823
755708101
780206676
289208984
240325010
927818903
647727457
771300400
229493348
190550196
322134554
322372526
749730684
908938205
898106524
852798416
552561586
394558880
598036895
658898547
153716062
764556533
738639115
819550207
151715663
390232563
357454688
180798884
363906116
590810516
970932311
308986693
721663591
753488097
90152552
937991872
979855326
392158897
80186413
849577203
634446724
492858522
485524778
847156325
437734512
944510134
385857841
162532228
116908063
888929910
409974123
803006371
915131359
686435087
335355057
315393308
744356397
36226733
621053659
442174477
809319602
834689166
465385984
560483249
17989808
886565919
902801474
925740688
931800674
801822313
944371397
649740074
998193220
466586181
403759140
296896926
649295464
888467056
889946255
315941665
840487557
510684368
634173875
173919396
188825763
890804724
626837446
573987411
172347926
702917181
416326943
149851744
799983371
199457073
386397645
67172951
472642058
837666038
995996563
577273448
92054511
272922607
798125518
870817268
77989857
943619037
363375869
306694722
552050333
859242473
584926877
372830065
343781240
441337472
634725758
314978159
68860454
901600516
843785352
208759676
593344193
673042105
484352824
16788698
454284221
361073320
208382813
768972817
181028301
623490070
840655613
979863843
246099215
523009751
310925981
92746046
296571143
459779723
609343877
193397202
293524064
34565553
761071245
567097944
710039614
853612052
810202482
445528068
224461404
773345754
972168825
368543732
863692536
358548247
598645392
793286040
330030038
729333269
824098971
287640256
217966695
959451862
274662139
392371111
226272378
298626098
519843345
353339988
737010907
618866068
759761819
300935743
544145165
939201274
318645301
492862259
881497059
382240207
984116838
266409046
200921408
257507720
945610203
296734729
543560008
281836347
497767127
590498244
979660066
822233782
357584514
564622182
530522169
394113188
279600588
601939150
391980621
657278955
423439414
900115584
968926344
986164593
886074287
646518420
392164475
282712261
742493912
675793794
357913939
768391242
87999037
376969169
354276585
12338586
615858845
467283297
537585529
554678572
273754275
740425004
325984814
815488281
452526172
643757356
222435258
985858577
984138390
879556634
369475570
486209233
893517732
810410300
458197317
643894045
357730143
599813127
804792238
83126193
731118497
493459578
388880750
94956321
889305421
187579833
118484580
815216699
640103220
595011959
813182078
757721457
233735210
332099374
458940701
85742733
895209052
45128235
185230945
961364941
547741992
49770305
297306922
582298009
667715255
744854594
173161478
910810379
812307893
898416227
59569151
336156501
748877675
193787618
388907506
289542279
768420280
759549502
524154431
466352309
525735890
128668740
417442536
664053402
147454625
474214079
578665736
523794108
585748276
575976398
360624229
662393567
225726967
490504323
181450249
997976749
939210319
286001710
839209444
438945532
320565576
113495766
512594638
205842138
455838130
327424765
492421406
335659131
406721673
285589628
435190261
469564761
501059093
467032775
257992832
134388525
400337685
413391226
303230539
39752378
42161741
367973316
227331506
45674086
287115520
626496120
182552731
56098766
915773432
518608338
246387766
415663348
596184520
278873278
452601884
968343326
695562701
263215293
650190470
218874117
137292704
904022637
542836166
579805404
896285338
232192077
769732110
730370541
672740768
340157011
394006298
464794140
9067549
355095790
488679155
699907456
191996033
646914043
878602874
352366245
257193028
834989565
361005251
885202357
298669342
452536580
585497069
46537074
53837833
570509392
863312691
516127966
391128444
543572860
801961643
901717334
742292045
952165525
668159360
33640056
777941481
882638856
944701876
651447678
228056596
771036031
981734746
168228981
686525264
529211613
583630537
854135337
894871398
771629030
540073355
804915953
791236335
908593544
736811703
606254513
443228625
335175936
939919816
34082820
778034815
666096894
380275351
834074703
356691427
209803601
799948067
623981530
677589429
220905677
552992186
996332805
242742795
356838030
748786874
386344733
940058276
578462123
251112964
464945408
784539308
327266245
699248793
855218759
897703295
60435428
209136102
885954670
977257422
489096890
276742068
147344504
672470896
704937151
276290139
185721081
523965310
541498195
889995486
649852096
943261353
941375680
927014589
905122947
210647548
304869374
107965844
410448557
648333488
940558077
555593649
975421094
494110445
768816334
944524494
510151504
596366382
519224325
870139037
965983042
327350692
310240591
679363378
607170505
186979365
782488826
432013389
591785553
424063811
979873235
130701224
737254466
241949688
401384298
165892367
142974406
264737958
111557297
688845358
908429665
835485524
581941645
454943271
63157125
601501478
685558541
345621456
94474008
680665147
373840347
662696987
327403531
106782524
17189882
729888026
982192405
408922230
599268040
761857385
842588260
932122206
792191024
389638060
544760914
19993483
134282309
402036324
722609158
626759876
750636010
197044663
157790281
781224472
604071740
991455745
715520099
507427606
696313124
706021176
844411165
799749521
994656526
920671491
448373641
443984946
199119703
706091239
118218958
472135073
510495614
773142601
194151475
709495931
771677105
815649456
681004156
159180832
648134403
136925516
667722763
345165828
269664831
412250894
863544974
146049873
173428689
647329795
987125942
201475750
979596388
256181902
673514084
278743305
604351834
95831208
865381566
927125921
806271949
577934662
154679975
14087906
898495948
651115983
741282025
950123849
560658412
126233567
393891058
394413055
8345024
418768995
4187079
574899901
123999648
348945131
100497352
762028078
454842232
422587236
34304435
719763443
724913045
807429006
315518649
108413912
171105873
376523399
669639913
966584166
38884588
701311766
877146425
31939985
848506078
235816797
514891475
206161287
927389694
621380706
74521569
838489341
525192655
562127969
799029448
356917793
901607026
241700387
112891729
381182609
381390336
10611817
519626535
422061494
109274283
538681604
105202923
707040378
853704964
832850818
322699408
902425308
411122221
803397717
167519232
411086435
94001402
422751850
960406241
575276002
595407045
536865214
550280638
506889782
670998315
77945415
848486624
390696758
850055398
491820771
351316020
881347131
211498137
421684788
175110981
277789809
689969849
265885366
918540305
481631015
29722179
893389998
169806124
564879608
213599866
470837337
972483640
530694108
667408208
987011590
206740644
356088592
188203358
887932148
543919621
194670133
158331563
824066651
461717346
751288636
509352045
433201713
463073874
7145033
404836410
520940953
490132409
451919130
756767975
784804087
530986366
325257313
650698144
64257448
855997863
93204000
191608257
142770674
189661983
46534361
876807701
95699876
761214680
144993039
323963967
862250490
945370195
432541834
773315921
493932259
278414859
135157033
601086169
331782322
25985068
169246576
683491342
174239903
64459997
393365731
621998872
962352998
438840810
352835715
512947268
593240063
715569226
841125781
264696891
406109052
882680826
548282007
176055920
941366961
699485741
106043236
318394413
625441872
872356632
248586828
508537865
877067873
421224576
378407858
949771812
565036069
324151024
608652519
200320001
121188370
335650101
448094087
386208858
19199452
425627178
164399023
476329485
298729652
668839747
971807830
86779188
949671337
592886367
682139128
930365774
804914720
512315392
754621519
921640001
477930022
175828520
962101623
499147245
397487716
825530431
389050987
528178859
693530410
220741027
466067963
575287432
536314347
750669885
444485456
254345718
85559660
746913492
101278298
570416339
633435940
266156755
158781413
162340027
861960350
580621446
835860420
348817910
303802558
348441422
377153201
277383611
580574379
363254544
602344539
18049558
632025100
22368307
801741086
328349752
380769760
397588327
163595182
332663807
617331927
692426803
163718515
882633202
624712974
216590700
597961089
972560381
555819993
584107016
434931294
634992795
150492492
565304590
61847684
611471465
79464244
171083903
687350401
302691430
628694144
228563454
826069797
427093244
533126338
139642588
958720361
818386406
828476015
588196210
665258394
8405676
812402530
941695033
516754039
141078403
459823891
193337030
503299005
366279640
515126126
728396976
143285562
531374908
113492061
337844490
919842318
302723219
814747721
425348476
146096542
634325141
373860553
442858277
828540933
854528965
134745451
996366606
922265730
516788164
74680696
471452065
787260825
946522923
879601248
693848748
1267452
253838244
78252148
565052155
638516509
8246673
123289980
892399524
564388212
650486829
857474988
441631906
256997418
528610179
471153009
613595964
376174231
469866848
913993149
720095759
50748506
696958408
782638036
711440097
481441841
315637472
53311742
306978921
889500468
24066449
934398063
926317102
627493058
264945939
674201272
670830208
521862807
23700846
835328952
32174986
774844910
440121244
826971948
730927996
107185250
299554647
74498773
191626581
882962164
680067861
284055275
655084618
9737649
438680835
112808472
266741257
350489667
897426408
387511221
523427586
162610141
628817146
48988164
261248818
280039726
779913122
747508801
67966590
635100352
850674399
911130029
206090285
102617772
83774075
870221402
384237551
595811786
360933816
500173383
872494194
901297094
716249789
480862659
117098286
10196509
485645547
956290697
472259425
173119242
762022567
890188759
827736090
880144698
98095353
854358191
274606420
698382153
288040421
487411387
256537157
716242213
990492826
687136614
530121766
602285380
622417945
185783593
438672551
902200945
181978331
770754892
935463837
26885633
951436650
920592032
956643882
342541839
954974008
499598057
853729361
543298890
2190720
887226057
654600617
437335320
939734278
939609088
169881361
653594620
701288528
371479566
834161889
295248689
163630301
628157105
931510534
825271912
533712734
274873926
144313176
633878293
682320000
79502189
69585571
648097025
907697760
799636289
737777321
230056754
466026948
521073966
897168047
445022530
656861586
923617925
111618191
758209451
482599308
353555432
201738609
199395938
335289319
501270496
48584637
915784019
948980694
501151880
405066904
625166665
153715509
228948444
811697529
152596791
502977819
914474269
432490611
25010330
530481683
964526239
700435013
962924661
737515819
456590154
731430028
648680708
264305011
833177522
963518918
192146592
135129609
186304751
324731572
409435343
707205154
981284417
167283150
587187724
679924314
746721152
984135102
668110241
182348831
298291446
431534265
660783229
850270925
641396227
650573486
735770691
899880099
880196626
234607199
641031109
430759436
535740111
438306940
930290320
446181515
637090981
673514116
733272139
92564377
946058410
939357587
628430164
164700160
512057723
249693490
606875225
110355106
35025161
406505711
559129504
663144355
394042174
397537574
956182097
117826314
610421978
232443004
802513169
741050619
652485221
996991614
163600758
781054646
89575078
49870312
597577915
246645012
886502649
130497354
925480595
381196198
401368172
592464953
553308336
838559603
926286882
133233083
45998126
357188612
702604474
543411411
779244719
16315937
554233154
199228650
950341268
557055479
788378752
623758482
512307592
688882308
74948178
784720588
357013930
337711188
883522627
802716539
853661845
29699108
152631824
688139081
184840125
163021539
53659736
809053497
216096822
789561690
465936648
419070195
393007256
345078252
825739189
692412788
890278367
901973949
955086134
26245750
191684645
565966474
762457967
130236520
187505523
432574744
283807579
864727298
688459842
544699864
188141661
290263247
567528210
402980008
816398334
900103065
202098306
819583727
475340884
979681505
489608906
607169190
289897755
312830474
779157877
221376307
824429380
345494047
414255273
663101008
409866463
574740468
60984659
943763838
493318011
368130451
170392014
779374068
537834628
972147363
958737685
886663238
271801008
105686396
484500974
88731363
508507336
503233960
754812309
309797094
811089768
214606326
718314042
730386990
866382736
693365019
778725303
169215412
421085134
930215419
40690521
984656774
293751034
142214512
471033554
432693116
458698246
120505230
95801537
422190806
287864816
933053873
888211242
701121528
345680662
839560486
332527768
736415180
906703350
105910732
108453867
715467518
711237244
61284490
196382483
61266701
227669665
896962973
455135120
100494753
746517476
943332881
101219863
116895913
259111352
475397311
270664561
682622246
15724150
853835463
880366280
699104096
784365070
174387314
653623427
661747265
403397248
270689874
959684112
77197600
355716927
665294781
440180614
896079154
257198215
120526062
340047810
757004852
710851564
292547662
303470110
820732394
559955359
56342642
70665015
547840336
574713379
787468060
282517971
12368409
338836300
703469412
303428672
324746774
461165400
546902810
26563542
373960887
851725995
854867753
346632133
624441853
812759378
269685581
705273205
509732832
759513616
988326893
231936605
635478100
83908963
342333638
649517567
801806632
869630786
204671510
980272743
119036416
454459633
572174186
574418172
330358671
515155325
170995299
166998249
711491101
605351777
515127386
719030697
736338784
456306942
880102420
274332824
251077560
180187906
222816738
468138123
143945269
764197241
708054776
284167599
826439554
444714830
387980332
577434228
4944698
609025179
696840872
810309863
105804918
818981895
146055749
38264151
959400602
468879770
428044740
478405333
346678898
982952996
419145699
255089710
769493583
19889442
968996013
12841709
341425322
674678818
842678607
480669945
431430149
797929203
976012155
384497475
879264531
588862276
830280540
959136614
947664859
948253210
120485067
20539776
363991170
901624321
845838711
790203834
211988064
990411756
185247505
327468053
190870663
524279104
42024879
381881171
422024293
608315169
738575370
5898477
884298691
748053258
346766319
324902553
945197411
793623825
360664289
537796455
307071690
311409697
354067096
900472576
935641993
70364536
213852581
416085590
724446994
469253473
841300614
450786123
401792578
505592293
140371413
587374668
396950786
565525633
473947645
977163650
46665892
69057065
865415111
137839194
424710832
590461163
983692821
673018772
721523726
898583324
698156656
181371329
724443562
230436473
276476232
700131699
908906561
770112036
336912030
47841475
659491056
553104220
105794702
508938904
782052337
217711412
104727442
610374121
398994359
997637829
365677284
116483952
773620278
774783573
554511295
860323728
466676636
205291244
654991592
833223884
892824554
133822551
207148390
397192493
533696335
430479474
742474401
401016308
551161855
374110223
610333734
421420386
465649820
289118291
868727798
844902264
534112201
339653779
515699885
892718467
626132457
177912384
645974877
695401035
768736363
404481223
717580644
357057242
886358752
363284276
605302445
323483573
231622428
856160988
234029361
788591480
685519546
43304282
667372920
926095508
604793608
158083578
784581186
943429179
62149642
852708051
955240291
743170187
129918452
431951579
249256492
395628528
58519831
868974710
104739110
218187426
277514738
864871095
422340175
789598264
982423344
455953909
4304639
662997998
14775055
3643992
361777755
281488341
557851825
465631942
704967146
410080564
763645596
791107522
948197459
267322829
887021033
259429827
640393733
91719960
129358996
304516367
562553899
153739048
449787816
225663657
32362838
688851412
716210769
286096620
659085580
111602540
604604745
269205976
58877275
10052954
862462004
11253433
253809259
372502544
775040293
647987963
404537522
894919573
531652172
776927744
455043450
289154364
272669727
717460046
416909769
310671281
34663975
420999244
436773954
703049144
230979747
71819272
104719803
156184963
88652267
468088795
984848681
751564984
265951503
906717957
222511184
115494934
341254961
364947927
959370542
843453506
615109644
580318156
361473976
962708584
25601302
727506536
983194366
446318015
567409378
181503863
31011628
138794198
460388432
576700315
118812863
144698626
845484894
707799647
442662044
218174955
574804640
889608247
550014341
392750120
704105512
735139878
249314246
698550064
367052000
188051079
222763260
424783552
711651178
546056913
614348476
234361053
795072520
342651108
621842719
126395753
348459699
185435033
885084417
735785229
575768214
216826055
229805306
955091906
293213675
271140341
607484900
405877110
874256486
339815100
126845587
514418290
144084955
974771012
74946315
18467376
600036247
140256221
919278152
420051816
365163766
530109726
645732562
178133447
839195174
176541474
884283204
601343413
815510604
149477471
378927513
597396336
546175639
278036637
92335430
305770807
222717161
679856126
561435673
160698453
629659076
28735241
484747456
470777551
24286677
251878192
420633995
249788345
2637360
957020134
364082973
38819185
611311354
991878410
500623710
630775496
928140797
553649534
884539748
876281851
334172270
542798941
286576121
401528050
826404992
325921879
802743720
978487468
302219159
729326132
682769617
795842866
878342773
840306202
232601982
247739376
89368801
553498609
116157294
497710793
147220345
524684965
87759965
719821881
496004475
227159174
46037583
298426764
173267220
931421869
213756558
832361551
429003063
620802759
179658877
63549199
496798803
688288326
202400080
255581820
291192443
681683667
633840597
910376972
243841986
669727522
805963946
93970722
892605397
875051400
109715300
226611589
440292182
428834121
652551262
920117384
163061969
418065123
121651881
367370605
893695365
752344940
466026384
363187594
140404111
188152248
296492125
385643797
771284819
15455428
196307259
579370618
570341825
140107021
926206314
770157456
158342844
125168728
806837467
178885741
108177046
818433379
291846230
310871895
466235051
64757282
152291402
427631448
264989179
855836581
326261794
969228826
831709695
984090400
177584330
883835028
789652943
593675865
914401273
381718977
954457134
268874538
226622442
389216280
872778754
489306104
280653497
463544045
610478764
128616299
245587969
886683784
279169408
209515368
754295241
1993526
930841801
907487031
438098760
764898164
816481836
890918114
471533378
404623680
875730741
647852621
640741847
163843527
913707780
355381384
988394584
321218382
502524879
644281185
611527638
44263349
533353676
115357026
762504830
895125632
374277152
536404380
689916493
439552712
696703100
848207364
516185344
246609355
764692499
941074114
588524893
117017729
938475678
75388526
240003002
810326281
998064703
902895799
925513247
663274698
807934656
539037729
847154538
726801883
775444301
576344164
389274595
316557326
899608007
10463001
825090736
939922330
923587837
505418873
118248760
519313355
985150022
997312529
442764922
402136244
549408597
228380286
187362526
956661615
25297743
767536304
350096215
983984916
929209272
667872933
323124454
183756837
851375326
56298097
369030636
334263899
931566564
988377142
890504785
660438032
634835613
622262708
784653830
698106753
398507762
68404233
113103767
135893218
26075844
313811227
316379893
263935777
245980719
973660857
976566616
85338005
911375665
554335370
447928756
523638753
295211362
722664743
560883060
614769316
249332658
900084753
595058094
946283632
360681714
955436615
233316401
778181775
451546690
253990677
374065110
598765690
859986925
712903937
316384187
291606866
333790747
279595963
368638698
560381483
913815220
291121313
197667426
104251864
732751350
443731991
64818981
705951075
692526340
359586744
683302573
784987232
339357984
589964596
229908351
985256046
444904214
64025722
102288827
941438138
259750321
480865414
263972169
821717529
526923216
552371930
30326704
207090202
336135871
934333480
953868745
736525714
414731324
385711899
509494288
414296823
311772425
522349774
13967313
697064541
869411612
90714688
164364750
538284944
524941129
92296183
500141015
827735810
778665069
109391788
171042132
775513355
176782736
21658909
822892807
807740955
762329176
599630063
110195888
473487170
99496546
287012954
476221488
136012098
533102035
744415796
920970827
641972808
69768089
130404194
726835951
462156016
859606463
101284733
942901326
82964248
1661119
919799523
661849045
769803356
603014740
617233455
82603227
787108937
74756767
537029557
32832574
600156914
322262038
215947174
674168569
858966641
288344006
223334337
65910107
329819795
119571750
661417821
806993736
317153631
864221994
793750916
667838190
778655750
428167247
979892582
701653737
480616324
456504350
398214872
141461785
171468886
728479740
994425749
245017839
305162978
670733599
398414606
52859143
997139746
36731996
547383991
502918872
231108760
551508782
438009393
451261353
535234600
147714998
807449594
515304980
616675263
307543392
33868309
412744700
822154750
523500455
472239340
629928521
587465496
425239065
415874847
745620734
359383802
452290935
747854422
175848492
71489974
10160030
993920305
121699374
348817836
258610974
473015066
785113634
559201151
225594153
109620831
452998103
955930513
580431136
549956173
933165343
650157711
909313561
785414357
751631706
691795333
984917251
422886823
292653002
9898296
609361315
371612970
583202128
74871293
273863551
128604192
604898721
103044766
195283355
993052605
574382544
220199033
816282236
723814681
333837428
173271334
901850929
858687214
231988977
218855954
248836673
257908069
939801859
823184816
181565117
247921010
34892174
69835105
419907751
689869288
928541601
272386282
885286971
646536294
450818541
509053681
940123297
13566512
330122139
651907010
549420469
934482597
208444045
374695484
751454966
33589786
778695622
752860765
939519350
511186500
979848498
642554543
832171862
985726620
54501912
886413554
107511219
392887821
199811654
197762046
495073253
420732058
460751122
752653050
328777320
692155538
586297069
442613636
410357432
452639059
458426314
541849179
924788686
883911755
450655532
825993166
95031058
355754401
930048797
48572403
576981740
399244221
131672449
763074300
780867598
952706280
321426892
906582287
686068442
270518835
346620214
446907444
513193667
840466441
334582090
650499872
880300340
867635971
782547325
417885859
558365875
809069746
333835004
7754327
145135026
474764991
3979559
755315906
857704142
176366665
553130020
888091084
266452544
389240136
945564526
733965434
46486173
429464563
6713246
630311413
215386035
732347015
629897612
170265982
189588277
187370330
164866803
582109732
212545718
284686132
629014992
814618736
718939805
938262682
43516831
449517829
817468415
303009074
997598307
27760973
568492241
817336958
223361131
344729242
436387108
104422132
448769314
668393758
48283627
991048528
987707858
895459455
683205700
515135824
566138927
695095580
500381657
897936053
715088372
992605485
728594588
558883437
374084757
168901547
261731546
672182125
25917323
337617544
362285283
293373243
525051331
770371742
801004888
858220096
700368021
75436872
732510451
265656578
832970739
710864088
228410414
536727053
837825946
234050700
23998406
474956480
148082497
268581470
211248478
142620669
185478763
53018925
944970220
285751583
684476254
531083408
265478197
103810188
766132309
749549579
484440689
340118099
849776340
262249024
327396191
856831270
738836661
804036040
774492994
729849505
575216111
693956356
308732438
308736951
941998019
303354080
341758304
446934904
177536304
829132761
826595694
37286908
902082359
523778462
859617260
814569499
552438333
367797007
51846370
451553555
179058672
265685478
935375842
173762262
36291523
113835550
808953908
861952994
68505473
104856821
260850534
259833685
323557052
787369399
690097128
997209210
193140276
6272473
743957312
695698090
21570031
329543131
417061546
288801738
951084842
222754350
120905351
592227140
135621333
58212466
346514551
914717374
118958207
42992258
70947632
615861477
63577549
666107200
569009643
727628537
410333400
224342295
769593471
439304419
695431438
880884400
571909657
131446425
894311421
559409630
339159842
243165521
643103402
82878787
778420752
75059319
997164712
457876799
310320752
218336073
275526704
589676747
293209209
264430332
579180305
618812989
2148352
429923065
152715117
76122108
227903530
297081514
283587983
250099433
260991295
87415893
245040237
772889686
135221170
990517522
935138053
510223118
747106044
524771186
719846947
705648729
73543013
851982728
601358816
680146401
962159855
610419357
974103952
492650908
372664804
830100613
146050808
743752374
848486992
105731332
926007865
642543176
484797244
97881397
871636162
114232538
330182073
543921263
137648228
851932660
136748793
64889472
380813557
848466249
361667466
91997143
522854977
166720099
349731837
743166738
328868767
66161539
199634995
601601747
463555457
762814142
14665199
875247095
886780228
327429538
565710601
716986007
93263032
780553231
508206836
447052215
36730037
212149945
348526407
630034414
832171810
407465026
694206994
166352894
595555963
716430604
280346125
85615792
94341772
174343685
50591415
532235505
645287050
705562009
970392329
496295840
156361061
656917889
865819237
439446854
325868696
886973141
201590266
547244543
528139355
450893159
676078592
898297402
562876871
456449673
776651531
260732946
845707042
671806811
553141429
781342776
917597607
718367354
303370410
755843592
445490333
121966650
240421981
234763160
87854513
774415352
409888098
65520350
311452713
704314871
640669989
692273403
622263357
406725436
89921737
905384219
357833006
753522109
253365787
979650580
979506585
528899699
186635027
695151819
962973787
895013822
440438507
659149782
585778490
108220939
819542454
308464505
325928395
990590420
227366006
601806592
29044419
45480984
292976472
491983459
993470369
662746965
778030144
434478201
749755465
924176872
747735104
60277436
572103400
324579935
451774899
911105303
869454115
424755694
351415929
681131862
611863025
665862536
48947852
737961217
835633940
24172530
551195541
872953745
205346239
34412264
321697433
825231701
218811833
549805327
22425470
585481742
780707138
161970348
48635855
164804636
60455367
107839516
553638991
262710644
932324121
51470824
316523219
849491978
753168459
834148983
488865671
499013463
479631666
709758029
801170354
237904057
6575426
373753621
361679544
807532795
431891685
569197275
701352292
699280954
650143771
130203003
314694025
795402176
101175934
496325375
610669396
395366843
145135301
238501886
322964188
584322239
749571882
715118074
222879546
79731382
811275381
359708329
804790548
702785650
244311950
451740092
146483149
937818917
595838087
776022912
252246974
221199298
774341670
881668101
183325734
648173296
194126805
877703014
356071104
263059534
478146295
517595216
705912625
534995305
310219987
752158142
687341406
408758559
686715608
4888435
20976162
266594490
192711742
962821310
809644198
139840144
519413442
558603037
897221619
354288487
892794473
483885461
193421510
207646248
170278845
223939304
477840994
677286210
470690447
719365256
438452252
83797464
358731146
343203417
688697830
802934855
518037972
933111209
293282873
691322
858344371
544038176
76086329
506233208
893789674
64993575
856557302
526177537
620578101
738464015
108367671
246766027
813030094
968550188
523326987
738028328
406001617
197223825
197847079
782106266
739222416
313888904
787254538
345012483
961394621
691907747
641930109
271730280
259018000
625993579
97435178
260948587
321346685
656142571
627326825
238529491
828332820
343874894
143925701
5463259
572846626
121459304
290693558
397207340
285463863
788804688
862544984
917894802
547505076
131547875
431221691
181913170
812833944
223610993
50228761
211440901
541566774
221289794
737520525
431379774
977236708
43526484
702436106
156221998
33409434
269382134
682139151
234878909
733821611
310708850
579372865
225445511
932731959
792968721
583468398
594529274
763028743
906563979
535287382
363762192
46852250
701320262
889035601
241266488
563520002
279036424
149011906
261495989
634980442
369001832
142622129
305716153
963344475
185628318
6310869
857224254
383731861
288957455
827682884
734763443
729655200
905208881
654504826
383357022
74054926
511981359
292774190
730544797
295434136
547048408
755642360
935940946
463219149
444550081
248218605
452661049
939585889
152761985
912688710
572477001
488639371
576115684
794883031
365082699
616555442
847763733
952392882
943711895
839883392
278723712
67077743
825614630
53793714
499752582
376204597
775318781
683600451
265318608
451821103
528722922
215867832
809416447
219144978
588850723
725016741
568640381
420480540
643994773
550173201
181409871
881387818
727187157
247782830
908158667
17631731
374415786
994413400
810896859
22719731
811637957
484258117
722176972
129626782
14653384
360011341
59630382
825949271
633744901
592739403
8493663
285031789
510311754
503024392
511718865
577877841
285869010
395089397
105739405
262388073
513344014
181003564
268719505
584611398
141953539
966438002
756703328
451343565
38836715
706397039
261176066
625178010
934444328
670173816
277961111
891566685
495279279
667340110
151025486
907536250
837539036
832951676
658712898
293222979
11482815
367399614
832543512
543950928
442571118
227453439
591898416
831560451
544581631
198799759
674948922
382917706
368434448
987345859
354692601
812504914
712020318
143042001
205157791
896836829
726010009
578952275
990382916
927731139
979991087
466563081
983447074
354770169
693329856
517725767
525538207
666709767
59530380
710812760
986033181
589901735
768586892
965921309
536203817
594084373
433763130
561559023
575906611
214617622
1218638
484037685
759121942
401283296
189450717
346878078
830310822
337147233
970836251
977652615
858090727
245735306
176254258
898414610
283224248
640953302
60690918
532269399
402520626
245369652
561191592
981807505
807945727
3046596
567473106
968337190
483143382
444503037
807644900
159240446
971637647
511500127
425788888
790114940
285844736
188156224
87793367
624831455
316439641
715213054
239947173
913841048
964036988
455817457
238391418
32145530
16468952
933571399
786020076
753580121
497181688
296171452
623831873
824453943
354637267
980504858
36900629
71202662
466585674
167872133
597046569
677204285
562305047
542226404
988733087
102904073
900550925
411198112
739550414
164061856
845695306
904507832
797336941
920437120
793966709
41753287
996058940
325189243
363979167
349761669
278983271
231816875
646463162
146008941
223605479
662971764
829922737
140569803
907786802
411626648
182046647
399409285
462627617
959521799
613878209
370393642
480298131
645879790
8073392
978708275
71972112
347220943
319795659
987320763
108396088
784390607
40850954
33333479
291193508
141032309
320755029
814813030
295248115
920712145
579571401
459083967
468583431
28615649
424142957
47191911
794224142
500570029
793418163
65359987
369555263
377041360
12418410
130894913
507604705
96117306
939735133
373753566
419360998
653843979
199894369
524615060
850673410
55972083
538775276
635403006
158014804
232973738
329286839
342074943
930008546
531873390
57070380
218938388
891902114
470540935
12948406
147492200
108907938
521837580
373478214
353343234
768280211
417679049
970879289
928076499
746758137
955341834
978748086
879136675
598706915
365195681
255088509
80188422
146997007
752923666
404694534
524356268
374038918
932708267
826337462
833824892
231653333
743222220
160453355
535677316
874173999
422503868
344715208
34851093
804634537
276740800
656677336
487454004
832116830
959080802
70522443
275476109
688186716
920082425
709175904
40908492
775920728
758453056
69041731
392816187
40394590
742214144
616161441
465576344
804547051
597926983
433708863
558112525
953985858
290812723
684150495
484322180
531577945
163954072
355041228
204323988
137684121
376244631
410796358
535880147
293070572
532711627
964746510
822729814
528330158
391922074
728623135
305249209
805112723
980815925
111172686
951818112
776658258
651767145
485226874
925530587
367547303
181459615
405725356
951859566
64980434
519505529
485384409
490794647
406642690
479883698
581960639
299763476
636843016
507950823
567552918
202501501
253784638
362196741
845857026
544623736
321778383
1385329
686133613
191628016
691296684
884063907
49379486
343789726
714673180
896729769
297483321
731342215
42464177
899094342
853794279
974897691
697574317
815724484
898637547
939678867
972954420
931852350
615423696
178566057
205683092
328197060
997007079
722414482
732402569
367467099
858446995
402514570
562833372
889076646
466608214
357730399
960152810
85202762
763201198
670474244
52730981
800670303
286214323
403228706
371131484
786882684
292339187
131128774
908593844
109632730
496168345
316655709
66433928
561380417
31582572
445857353
907101761
710129697
298874566
935269684
8884800
837892967
878418272
638756265
307052788
857794399
853586865
438080592
446441754
967801372
309723095
481124383
841195770
32374119
356998681
305325581
29528082
589072313
420001370
538319324
894083385
709589727
990629366
608604418
297854055
389155496
431488508
515780934
942976860
965871494
888482980
819917840
836501194
649960612
405158966
476454486
267390113
504663025
293403906
835726990
953863599
219635817
700353905
547325053
970256255
868968013
62746017
767673159
269911003
381796028
915920477
335053526
956751355
199389497
536899148
72730833
692659071
360398646
410112357
899835284
989080188
332920089
879482921
199295808
202522374
883287832
485729498
440373895
347340672
849820950
978384473
105727444
847957918
117004699
705804138
742405291
371355570
71349873
130843280
227401390
701276609
361488756
441926571
324575852
894112603
167776844
624672314
670809670
696850649
282102155
188954913
852766297
848561329
1409205
952589819
308266856
532702043
428391384
62995526
568367186
444811145
948845595
666395080
788472686
397316200
179287416
211711449
247305995
235858766
983652460
438248603
776314192
271953095
238189090
932490980
355949915
335071736
202191857
783812765
704071159
421532787
209975949
558676627
49240176
4069278
335896989
847244559
457141569
454443
860608537
481327248
813456912
189325271
759032115
171267522
627316462
388845230
201530823
44343762
109478003
900048947
201572505
668685907
173647065
959898981
724207770
400461789
447384540
928755198
885369286
897137215
886689374
713192175
385827461
369795067
562085162
373255851
982620763
252608961
688688820
572485209
939435671
465433382
576919923
452085988
882497175
664093091
887028192
180298676
940139356
687839137
539676193
284625191
172050551
403858161
866517765
221599837
31881269
6277982
595800065
648030143
794941060
671967801
641234601
512109443
25096947
432482289
238807768
110484376
996869693
88103068
592897094
382755771
745759660
179388218
390166978
310075390
685140415
756623918
876241437
306792595
681000702
153984467
26807756
828256161
720283706
278786850
733945173
239171436
689976553
480463884
201786145
886659320
491361517
933521590
677560561
316440315
333979600
531807487
448725052
670743220
368192507
768477546
55409525
896703612
932956368
334327590
412849754
489377511
347176471
690427073
543811841
447784652
532248890
79947173
576676451
479780650
750353394
995908177
592902576
497898896
692277662
371927528
735830756
229542321
489433082
11143078
350823463
855203254
361439498
124252782
956598438
867875954
609537896
418627667
962680492
17991676
577790400
157701494
28095318
418210934
34214321
558639713
730754697
495865030
657921281
458741477
63308242
91780812
904189095
107593542
819088652
418580993
413497856
860415418
750166944
694219021
781963252
297256979
146546705
389163866
665868076
298220194
143327397
811203285
289669145
30623723
757653652
875656729
737332102
72048935
882713234
336704306
440407222
718891392
627935669
133352445
339228381
884346243
386770440
26980292
330664489
512853866
662219255
387263157
286871159
809190836
173764510
275209560
514946500
671896608
23850647
840256042
967962193
344515982
377873885
327171973
87376788
755131978
137136633
413417432
508424031
313656175
706145973
479823419
11401156
837723925
696052821
915876300
838753371
336502692
737169089
353601171
483627954
501995081
934828709
735958894
220025716
141987654
833790677
439747528
537105596
975118614
817828417
173682419
756641983
251861714
239177046
306858916
912715661
556903228
367946162
990587200
776210628
674053934
190623092
282648626
712464928
995501036
843104663
357348003
819822322
325271305
848260995
556554899
450207952
48876359
587946110
85926155
796568919
256527683
187757067
912588600
567722505
119553616
640578542
275183320
128855489
267141720
932269000
527041464
40691662
229242400
342669801
380518308
599097457
640420374
635135424
474048445
628315338
146088260
116017619
936630889
421482319
296988830
978136918
183810264
153889037
344745302
246505083
53677899
152951628
25700655
763913573
524123562
253387465
304611836
795449427
406260928
835365901
166969280
56235957
737187118
129452561
509031991
869087239
566813903
336476393
956105733
693649633
612434184
49438791
761153561
618885249
368378764
808234558
321858410
480872040
383172320
794062750
270609613
54202179
458724278
16803397
353928549
761080529
802996610
251206708
983830869
243737622
791575239
793003043
912129521
765372817
770222105
298669762
14001651
199083528
329048495
191839826
127750317
948624213
841932002
248942594
243067496
568306594
426353194
796163423
491881842
670574992
547506152
147618513
690464929
467411699
905138969
949398542
617695042
56258162
464592797
86938189
100618832
176740555
84599023
272099236
330215815
189175463
167327074
724563431
259330342
962190116
170354799
547853851
781435496
157602457
823448059
130022454
617471411
938209905
249916196
828029355
654789242
835116934
539788373
329821608
102997988
762635239
41646898
572255627
909871866
49699842
308883299
631322713
110722715
617590793
493591387
807036396
580615202
877885587
472938398
118548445
438658792
515873155
313444310
413387433
900961797
946657092
809119853
671853402
480714721
899485662
891503228
764320712
84069889
76887501
524499528
914633887
619448495
914825689
712396833
452997319
770974777
949035438
296697941
62372378
371867553
283384370
861730656
636736834
399592148
98994993
351531935
478935550
337099607
598498875
319644210
948470148
48278168
150210297
891757035
867636494
380274525
685832896
130875626
260941865
400383548
435646449
891106042
5241454
831156195
226140239
186381197
88777203
950101165
102985697
664900098
898714562
290041352
869566634
34643112
761383955
941745384
690323074
912346667
61732103
550767927
725123780
592497975
977089409
365472422
155340967
66961848
996914824
805968028
164502595
378107989
719991302
690965091
320009427
170748628
718458902
354224888
168674802
139799483
595500279
255851860
19460392
566050684
419796490
68590699
720972518
996245975
693710206
398872332
549220901
901318853
364754268
220337168
398027986
369462664
545588281
381765368
806582533
935014343
276496736
235021300
165009452
644629580
342139023
680852229
614855175
342563012
283267804
891467929
647119063
843585247
471583564
454055989
49643450
143509359
176058438
564591548
454172900
661196699
778046481
919232412
590497345
551989111
794961373
149811940
933887269
640826523
402052730
733931320
490033947
374244324
279756197
152389099
650325218
978684191
703355005
193773467
951839037
910756447
608723613
336549515
133511658
45105362
912075206
893964596
314004477
704155756
989334043
149347407
151530298
615221248
311998647
681406968
911380344
491218583
338406142
43851218
95222027
337376022
683943277
579222152
480272614
389224593
531327705
23195891
673528556
241664970
586777531
455834437
965779154
663043914
902831947
350484932
468701630
417118620
545376865
832674543
797953344
654630636
884598031
537415213
649744689
680952756
558559900
630339979
728886451
387951028
2268377
863526811
139929591
42451530
187896866
120921491
616693393
213147305
759033639
860209944
57853724
287381874
742334982
246883256
736532613
890060676
403693033
761507802
619970740
290868396
912814115
730011181
174676617
958603743
607081592
985293429
89702597
485134303
296223188
942596736
389232484
697009136
262797524
737620206
510877969
46302494
733817036
72464410
695008047
327563107
481331935
943912146
306850443
673199149
642472385
735986423
843284244
181604763
296336650
149879362
276252812
441432912
805222856
471801537
631410236
480785378
652115276
76196466
217311381
137344661
216153702
559566773
460523231
268333584
78286401
458521876
346819868
355153315
260646574
526552370
608878978
166547118
377043720
69698738
665676237
884069611
923611366
954059355
469884110
990577681
601855373
977032892
910805967
917504954
677825555
26963239
398418910
336006790
133586467
432901814
750339003
331857339
933468071
256923693
617547623
529780569
715371469
701108336
423908881
454590787
281940990
226317300
389105499
727181670
534342510
988165122
762665834
42196890
377464301
90527179
700843414
23381899
378772167
541548229
926814606
922607249
755899821
501057329
590173383
770006085
835933402
9872702
209512073
258033755
717971304
923449731
742837853
644561416
423869448
452216639
278420505
783739832
755638083
862683336
590568096
635240157
689961743
11646111
793197553
864513707
239354355
144483193
79578534
727611762
953100657
902366373
988580329
446127217
960010172
413127804
703255591
514451544
194988839
888234473
743693861
872026654
689820499
905716969
655681394
339075189
417026751
312818085
467804002
944188104
325241179
745080104
335667421
875897101
656657952
735185245
803434417
987875438
438848739
810956967
401550693
485576535
