910360647
569857716
507357938
45293331
881028167
37463947
729896278
433696051
786100773
911932692
328879997
2174731
607011773
786860164
324474313
406583561
672064698
38714763
708892496
52561550
979735571
189529813
505930214
451591117
435916230
710695287
874331292
354755770
87987455
326252361
16089612
875534371
728617409
236268345
443129889
893081879
975030631
175198760
534781384
160823618
754994200
193611546
288339108
994398227
98120881
564938518
974186763
163300875
408319863
70104815
507909959
379517079
145376312
739737097
666492524
247031777
192187856
226552612
491576056
436951043
728891686
238067769
648007511
79421058
310060441
883052963
143270953
845025554
105672566
506060575
497794667
871479076
992494314
392646422
188453314
430020223
807446070
21280833
423870844
140890366
468620589
589720642
632885591
921819056
514255573
957789331
232959700
301344870
499892172
983511159
922975465
879901905
523862496
770611215
423490459
783825916
863868695
121767359
787388653
436435511
432459252
17186787
850017387
907259822
398213314
100613456
648456840
314794111
792299630
777109509
383085838
329451093
87921658
929512856
251312012
783906226
805115021
837891382
792819093
755446004
243766269
620227961
61962030
721906208
723800482
271586202
909893372
292260863
262374897
196496991
192036948
366465049
301695785
938499209
40420322
647958231
877319276
487280582
945991952
153401603
713644717
419449574
209361415
631550961
536614090
517435010
160420977
311193208
568508662
456978294
339109225
84973953
424970316
878459349
504528518
740212851
191020215
222037545
421125770
47511963
621570580
246867683
583324750
851738830
422680366
803718304
703306275
118968761
349935610
839337768
784847361
468997897
121567768
245189618
708972283
59696503
162073141
837053154
232201231
37016999
628691382
76846447
861502772
6420608
479195393
286438158
92692017
222930559
883248541
681021167
331389732
817895145
420918082
751356856
14090240
241009158
595331309
33507210
807881855
573647997
753430812
170262919
287100341
270788774
941270345
775628700
815848824
439817374
508634870
887453666
427154912
626065648
152555787
705175826
299373190
525729932
843774743
594098493
6235825
349321389
730636308
173935070
159447827
497500696
355043233
916033616
630240865
528940693
262937339
825795791
477691080
773827359
689497933
990863474
86205592
809665250
452207492
921040043
377013414
40617986
0
369222855
369222855
0
959668943
447329468
670209537
473894487
785258577
786712
6214173
121753256
404700692
899682216
685709780
344082190
187900197
489107436
432017303
608986933
717474472
839290759
529785508
114044648
801924434
223299661
295476024
899261114
312741977
917535943
702785663
957924739
304385921
708941484
707410239
454799557
826487370
181640049
370576755
872189849
868252439
839674334
479129830
308196660
719921803
409187233
163043919
539493497
45530823
955846773
769420418
628161077
578986301
550448252
839156881
87465592
917745719
873801324
308523873
374770801
766368645
121199239
523177204
915482762
338585338
676982257
604728129
836697176
686304611
282606488
687598850
738528784
488916756
280853386
403973376
60694160
129817511
284929681
608095653
171386259
516643339
14083443
89254347
622680791
164408870
431273468
541478976
594848473
925170271
408769064
383162123
945726599
591997792
968446186
493242883
835561115
542205409
168919677
594335091
490262961
790294172
803471991
652800124
537741591
370683300
284601150
908469750
364696847
951018663
475181987
508012896
557647570
222287003
260178070
761436610
109296280
854556629
482386534
147383935
732611521
697297421
623884288
14984293
584533949
320835540
548237017
815895965
876837006
152562448
271306730
367371902
57242789
170575893
980205445
551837728
434395755
537289391
211538549
884404724
806540780
819434620
547910342
932925230
109373626
987498490
780522023
659386936
126366481
727419523
721687477
147265534
208510987
993860157
740384136
864577551
41061826
43234860
925008711
235204152
673392468
447913360
50516058
611708781
666947961
63230760
741041841
769477440
938347386
783667236
707719151
66371534
268211481
430565217
668565914
940580127
267777805
676120886
191383315
493149990
606245790
524415147
752915090
235153051
752922745
43644646
153952541
630188971
918038081
908483758
21880286
514050092
799336281
419844763
947806980
890923226
277890916
827164503
53412752
247045011
635142380
492917637
551407963
472800201
879076007
311496425
198530834
779931958
649614179
386996644
129869060
904920660
731757315
845754460
787378451
971308338
648444457
945940977
117789932
24995550
950123791
390235256
29832077
131727096
76000745
504200641
237200757
987251174
579908583
526821138
664348401
989716575
272709922
669304304
248269988
101926784
695053095
177279298
603556271
841635571
53563769
464524226
908903281
443217279
266236722
730163644
603990496
643855702
836169961
627296878
144231268
853745037
268059738
786475831
62244072
64408419
11880420
422505357
433778505
772836436
195124990
967139209
933690659
506345691
213410355
106922538
567226405
969781604
402275222
483112137
102222633
166849882
25233266
204848837
703914219
759018928
660610871
801454023
611004214
898557612
741089487
343190786
245727998
524088655
929722006
346951035
490430484
89627109
816303088
610512240
342986971
567296976
644072789
970242964
279169804
554318572
516208758
549780143
78748607
714264943
132604438
425773678
471416580
789911593
253444728
6512745
406202914
981166065
117142724
210320677
238233080
335162110
901224814
741940527
763458328
457918835
89739815
174309125
770277916
117788841
281306342
901189965
869452217
481097000
567170986
785204145
174306130
365550160
183371631
136027393
674251105
48401803
794195554
200174534
818890031
204301099
76161586
756449770
563783835
750138662
338453208
179035689
33048852
534652051
852637870
906897300
560439096
684744433
342658741
531187728
710264699
99383162
150082955
250256802
698288232
425691357
826472011
484070274
574935293
840564106
688197181
985981706
269152411
366769088
712189306
581282453
433544863
642271707
887349506
615749948
245169547
654482314
810106921
875395104
756532956
898532211
575229070
377170572
371970199
365106603
665165575
193353096
776146357
14287775
236188291
894225018
306069955
418095806
541972834
66233466
739302611
384339074
172252769
397552470
577819516
159296744
176144572
800025899
193349352
31017851
680021146
378692434
330341699
272343949
922346468
727433596
202413814
62564528
835269956
66169240
29453525
311884382
558802753
428594950
558713005
908075195
573440207
676355641
186378515
623034073
1325680
918982565
815809418
98071062
858289065
938621434
452469134
631498811
962934581
689685796
342511971
847460194
745799849
978029317
614209037
378943665
919137488
123254964
989069366
566180788
451579894
148581213
985973109
405844998
773833096
856596671
641355504
127871438
984627809
331229860
931223741
954161225
712815420
87763464
163991386
750213928
607899144
311397683
846362757
73975737
110765834
911020074
114290730
474590972
179751068
424030235
67145706
397742964
164276126
651647806
190927635
670203079
305872558
780119430
217802341
189383565
714510431
454837384
877490713
691881135
839199336
932094442
465162335
158403873
101548358
862343934
705253035
748559432
683981512
468440375
541136472
469287722
227639802
103600518
324804559
143501865
65703353
854001265
518575691
717221425
934209530
97334206
209690599
586922563
678652596
285956533
932857560
70946665
190212549
289694493
866914878
399129615
36118626
723186986
843934252
782542715
263218883
526974134
380322971
277598480
393838578
889786698
510498309
853208819
882935542
394661075
522529713
939785507
578475019
550559725
816992487
906043659
941775570
565709357
335775965
496912277
564570398
93525825
23826519
554033112
207363474
748198593
978507684
148918151
786725460
656699243
324604317
444989269
810031547
970719371
389354177
366026285
91707531
94348308
295324431
917978013
681079772
169872771
173040870
466180699
990918341
194240525
147763653
104047613
246294754
743717299
661647091
895979695
745132615
844241713
170212871
558427910
673369529
433368524
51758810
806831296
705345402
252103799
405154617
110451051
383807216
264778087
900692915
877386763
764331047
900315783
52800159
235136729
596363123
801848489
477416171
480596246
41943535
788989342
16162386
165969367
915402770
912457983
982169600
402794473
911934804
906107990
349670938
460872291
386744977
427909049
734719794
847879969
185940022
774107031
180252829
501295034
507098667
77349199
562473512
656890439
635965654
234245701
57950783
790530480
486521958
903066016
107132248
322026751
283736490
234082469
856805185
545803344
76018324
39589677
357793111
714700883
486792367
769601529
669039483
49040470
323606302
364625907
293857800
60493934
427034531
727346898
70367924
503394339
314892085
545327568
16558235
890135360
208514998
351871417
822978448
845940073
720559861
827863471
373426990
984286225
58853098
236105674
346202880
427520707
846786191
217993393
516364099
353394122
124623787
773102990
613202898
813305526
100280482
545302519
631755859
354681907
390611706
909291298
381796619
74373576
358872348
633080323
305911766
261619172
347362913
667205174
750303505
807727577
486105561
127615999
462719499
347089062
392589127
544812841
907220048
694886324
516518197
40591122
497336152
293670989
5802262
179653743
872012355
321427189
50649048
957039929
493202548
86166794
563654053
202373045
429578526
58504475
922001154
113493376
811906409
504294807
240733990
187315827
291359611
480893869
712669242
811063136
127991364
736031077
326360618
899440471
629111169
573065488
730173234
270226698
91677051
964813859
348729955
261418467
804762247
212318453
545777369
639627692
676474005
553210633
861240022
938647941
353944780
333789650
572296708
388386611
791411435
165301509
665927027
461376264
952157869
26807893
449654028
681746282
415770494
757692017
880205696
401866682
414390441
111963391
216240774
966288070
81223916
329297886
390843634
610096602
433974690
175436877
171284566
591599836
45501246
535539726
136776557
912552563
783870945
63957373
464145840
653351174
38233245
777467559
567372945
851591635
214073982
69677970
792304088
628945168
876729358
931380237
945175007
747595895
95293937
681471939
913777626
765424184
371544556
506864391
862177992
394492490
591518877
184659800
223242773
925214773
704280933
667958466
344214373
25768070
261850164
991216454
133445490
234065792
446302591
952747642
520161255
288578141
828309668
215454239
464697129
834522109
163024957
143515151
51849393
894354688
993981047
756495727
569766403
169460196
136380507
720039786
739683230
909451825
513552342
898184775
911187614
321109666
631802806
125854922
203425238
42583372
484672389
617373908
578759939
12645780
618379933
689151138
145899005
794732002
88089439
950277483
169737686
162201619
209790552
474056291
2218505
112667546
101173251
321048241
247524932
103228459
534933340
742088333
632949964
614226182
954821927
650986172
34646253
934665618
261229529
582531150
808279357
776489287
871038889
258499200
987060917
702166890
242212429
460869960
769817584
812320100
490025163
226526228
55303544
626201422
884284389
977072799
750483149
608024279
117503614
376956173
113840468
585547008
463927911
346304220
807221473
972488457
157836010
734073835
875642993
858017979
626510939
781125552
876077765
54591009
31107889
618275295
320851324
599332073
124908540
663907221
964104306
435859595
390407512
8053889
273402666
871597601
448467669
970229092
926161366
876876016
800767587
891699180
664549321
664182449
796061798
756935914
978000479
263330996
951196937
809194039
572839781
967868588
541043157
80134834
554259177
127147163
580895787
813558455
505603736
607650871
353663553
478716006
572102430
718823653
750207622
82705782
510616362
923766440
428941545
247392471
14183198
418672410
444813732
366544564
886404781
16385375
246487207
179605898
500055344
883581153
605595926
481530191
737994561
487842896
758958277
354008012
896441211
309920034
37926486
641650597
112670669
355848745
299605922
607066911
990122548
515141011
61430409
667202155
949232579
371556865
177235728
870113442
746753391
408002042
248098901
342422635
526280713
752227170
380341595
107164224
627041911
925089736
624332665
699747687
620315347
355181100
507447937
171049403
356345421
430325411
343286445
106545676
810981062
321258395
787926700
650516576
404093216
256260497
526334034
431253708
429686442
619134991
356775825
805189003
356830678
852295345
931192435
260579615
627419600
666020026
744764381
21271812
258989671
778922453
160761120
963070115
77111143
219529624
366337058
697958235
375247155
373064221
752542509
289572525
171265966
710805082
717746735
975336697
145628336
883300023
108312923
16256585
850309647
63705414
46930303
913024492
870935141
92892015
106056026
160985368
793085163
737081601
728003790
412072248
933212479
753906146
195420304
752729796
467087959
886061066
77594692
738648237
720296223
50296805
21557826
890412354
141608914
774617561
5024115
324132848
971059021
264947555
68455685
650158586
767449033
333751522
304248262
620953721
431373632
287661296
304340156
77996599
713454672
700383056
147995741
83606036
27833119
375797456
888810349
860553105
859145828
258312264
437260160
356302544
521952135
118935268
776942380
937434133
455519184
793891040
163832046
161398260
56404636
99112353
358694349
237405391
901221496
865711277
405740998
635510001
48250251
121496580
985413089
20294192
519727654
671750123
28020425
0
235417396
186109957
133998159
43105880
712954434
477805583
665105114
529241649
336623999
467858849
605626650
990565736
905001815
332657604
209715707
430317268
192513185
656785996
98355846
543098194
560816305
433457454
300316475
805684483
699370297
922080584
751081977
649000101
647491483
183059527
751796628
533962435
733844495
182935694
639477420
515480355
479397453
838475268
514227187
402349280
521675094
190056032
448367239
21402021
992194191
145786987
515179717
92867517
304499039
698741545
868070990
995977753
40084524
688995413
221445267
765990907
616434915
441136172
687899785
702046315
161710614
479194742
335574597
147042910
181201300
659471672
619735985
343998686
965821418
261730416
637352370
614186726
864993112
610837519
734019654
699598437
849732854
587625254
246736332
949047776
202893424
621663690
467241850
146677510
741645439
400694117
620688114
627507140
10403166
584224843
944756486
255723613
65649073
955568273
106086940
352346678
522447466
331958528
348945245
725716711
92948020
59161502
374100168
968062797
713774755
788381742
844200187
99553938
811092776
110927089
354416838
924516688
836535215
295294078
384799051
48310621
624525796
966726219
796059103
636254461
761757791
662556222
497146388
609625071
761017430
281613361
796963655
55685182
451601886
239777153
148305804
749329853
409803747
53240254
756107701
861768831
613721859
134730907
258777460
529286356
889972914
680990274
179434570
259313344
871002147
320980101
958549529
718025942
883492522
348260972
394938579
738957768
805201600
619628688
792789073
526496959
709077171
690362946
6331570
336427386
604429385
246605154
795087432
795568694
645728032
325877480
943560983
973957225
222967217
938411268
368270998
312261437
219309247
889019327
344286383
90048757
116181182
633429095
825087105
250482877
870861455
122609563
617592354
356874544
910226666
103932955
825064308
326766802
752836427
428744593
9657024
573685916
487620699
381094554
914304117
415116393
415737002
691054590
104845839
137154373
282625684
117124077
162700833
280442321
761640621
55811907
507031871
620116485
458462888
75548464
67907759
579635928
425048035
684949511
697676771
746408033
813958601
934588890
740700705
286712589
443017754
982022794
524202237
626362197
821616069
591755945
201053084
620216693
779218744
102468093
399724718
165759599
682558244
797749447
770004604
637457042
176168761
917048661
809069556
741435049
867345359
793319269
477317281
556311819
729296243
973493269
60651663
169104959
272244888
483276141
364827540
879733851
276476205
305645393
854749503
188286226
761750047
698743708
949383104
520864030
797529172
59790327
152544256
85260050
525670776
700891116
666772382
504342414
195602970
156590256
298312055
759940027
461392761
96244703
115717240
710888528
433238738
373411146
47499641
885937144
943047223
439431008
270162711
862309130
804967393
61296590
13747405
118997681
138644893
429244792
132454825
839497272
463057879
704572519
539973775
801196710
933658885
689214896
764522171
5127054
689669115
445142479
45531300
107152457
52638849
945710297
43262174
551583533
125799010
528409882
273182755
547091238
825928360
762124422
719807564
35122850
65920391
894745659
786964052
442481700
583340927
820060755
845957299
959867188
114174045
233524160
777509350
802114402
89061833
966713876
966289351
867698521
936144577
715880493
493087282
111973168
306913713
182139318
46483219
239051746
416336543
599406893
600153967
24374294
180409189
569665314
663072159
763420854
969599782
446411320
366744530
799258676
476783436
545615948
794099938
203785053
264081328
563690341
689824357
467743590
702164479
372000147
326424227
23501782
159062023
870335570
553369004
78306598
399830051
435165561
545265180
894157873
51930178
979021841
731624018
126376334
833418917
931205253
863718523
35446889
253578149
86867077
345981760
237891716
571498860
744405962
310152061
755657651
833813021
686111869
268414306
360686861
690099744
636241829
315426910
234319099
275403558
780980051
48358843
283934293
722201480
339704136
145783017
183941647
0
