10
11 240
3099 5395 7933 4165 6905 155 9024 4868 4471 3265 6006
10100000000
00110000000
01101000000
00000100000
01110100000
10101100000
01111100000
01000010000
10100010000
11100010000
00101010000
01101010000
00100110000
01110110000
11001110000
10111110000
11100001000
10110001000
00010101000
11010101000
11110101000
10001101000
11101101000
11011101000
01010011000
11010011000
11110011000
00101011000
01010111000
00011111000
10011111000
00000000100
10110000100
10100100100
01100100100
01011100100
11100110100
10010110100
10001110100
00111110100
01111110100
10000001100
11001001100
10100101100
01110101100
00101101100
00011101100
10011101100
00111101100
10111101100
11010011100
00001011100
01011011100
11011011100
00010111100
11010111100
00111111100
01111111100
00000000010
01100000010
11100000010
01010000010
01101000010
00011000010
11111000010
10010100010
11010100010
11110100010
00101100010
10101100010
11111100010
01100010010
10010010010
10001010010
01111010010
10010110010
11010110010
11110001010
10001001010
11011001010
11110101010
10101011010
01000111010
01101111010
11110000110
11001000110
00111000110
11111000110
00101100110
10011100110
01011100110
01100010110
01101010110
11111010110
10010110110
11001110110
11111110110
01000001110
00100001110
11100001110
10010101110
00001101110
10111101110
01110011110
01111011110
11100111110
01010111110
11110111110
01000000001
01100000001
01010000001
11010000001
10001000001
11001000001
11101000001
11011000001
11000100001
01110100001
11110100001
10001100001
01001100001
11101100001
00010010001
01010110001
10110110001
10101110001
01101110001
11101110001
11011110001
01111110001
00000001001
01001001001
11101001001
01111001001
11111001001
00000011001
00100011001
00010111001
01001111001
11001111001
00101111001
01101111001
00011111001
01011111001
00100000101
00110000101
11110000101
10001000101
10101000101
11101000101
11010100101
10110100101
00001100101
11101100101
11011100101
00000010101
10110010101
10100110101
00110110101
11110110101
11101110101
10100001101
00010001101
10011001101
11011001101
00000101101
00100101101
01101101101
11011101101
01010011101
11010011101
01001011101
11001011101
00101011101
00100111101
11100111101
00010111101
01011111101
11111111101
11101000011
11100100011
10101100011
01101100011
11000010011
01010010011
10101010011
00011010011
00111010011
00000110011
10100110011
01100110011
11100110011
01101110011
11110001011
01011001011
00111001011
10100101011
10110101011
11001101011
00101101011
01101101011
11001011011
00000111011
00100111011
01100111011
11010111011
10011111011
11110000111
00001000111
11011000111
11111000111
01000100111
00100100111
00001100111
01011100111
00111100111
11101010111
11011010111
11111010111
00000110111
11001110111
00101110111
01011110111
00111110111
11010001111
10110001111
01110001111
10111001111
01111001111
11111001111
11000101111
01100101111
10001101111
11101101111
00010011111
00101011111
11111011111
00000111111
01000111111
10111111111
3 1
9602 1678 231
110
4 2
4341 2722 6539 3149
0010
1111
1 1
4912
1
13 1106
8892 1288 381 2077 6084 4319 177 7414 3358 4375 2762 2730 6472
1000000000000
1001000000000
0110010000000
1000110000000
0000001000000
1010001000000
1111001000000
1000101000000
1110101000000
0101101000000
1000011000000
1100011000000
0101011000000
1111011000000
0100111000000
1010111000000
0011111000000
1110000100000
0011000100000
0000100100000
0001100100000
0001010100000
0010110100000
1110110100000
1111110100000
1000001100000
1010001100000
1001001100000
0000101100000
1100101100000
0001101100000
0111101100000
0000011100000
1001011100000
0101011100000
0011011100000
0111011100000
0011111100000
1011000010000
1111000010000
0010100010000
0110100010000
0000010010000
1000110010000
1001110010000
1001001010000
1011001010000
0001101010000
0000011010000
0100011010000
1001011010000
1010111010000
1011111010000
0010000110000
0110000110000
1100100110000
0110100110000
1001100110000
1101100110000
1111100110000
1010010110000
1110110110000
1110001110000
0000101110000
0100101110000
1100101110000
0111101110000
1110011110000
1011011110000
0000111110000
0101111110000
1111111110000
1000000001000
1110000001000
1011000001000
1010100001000
0110100001000
1011100001000
0100010001000
0110010001000
0000110001000
0100110001000
0010110001000
0101110001000
0101001001000
1111001001000
0000101001000
1111101001000
0100111001000
0010111001000
0001111001000
0011111001000
0111111001000
0101000101000
1111000101000
0100100101000
1100100101000
0001010101000
1101010101000
0111010101000
0110110101000
0000001101000
0100001101000
1010001101000
0001001101000
1001001101000
1111001101000
0010101101000
1001101101000
0000011101000
1000011101000
0011011101000
1011011101000
0111011101000
1111011101000
1000111101000
0100111101000
0010111101000
0110111101000
0101000011000
1000100011000
1110100011000
0001100011000
0101100011000
1000010011000
0100110011000
0111110011000
0111001011000
1011101011000
1001011011000
1100111011000
0001111011000
0011111011000
1010100111000
0110100111000
1001100111000
1000010111000
0100010111000
0010010111000
0001010111000
1001010111000
1100110111000
1001110111000
0101110111000
0111110111000
1101001111000
1111001111000
0010101111000
1010101111000
0011101111000
1101011111000
1000111111000
0001111111000
1001111111000
0010000000100
0110000000100
0000100000100
1001100000100
1010010000100
1001010000100
1011010000100
1100110000100
0010110000100
1101110000100
0111110000100
1010001000100
1001001000100
1111001000100
0001101000100
1110011000100
0010111000100
1111111000100
0100000100100
0101000100100
1000100100100
0011100100100
0000010100100
1000010100100
0010010100100
1010110100100
1110110100100
1001110100100
0011110100100
1000001100100
1011101100100
1111011100100
0001111100100
1110000010100
1011000010100
1010100010100
0101100010100
1001010010100
1101010010100
1111010010100
0100110010100
0100001010100
1101001010100
1111001010100
0101101010100
1110011010100
1001011010100
0011011010100
1100111010100
0100000110100
1001000110100
1000010110100
1100010110100
1110010110100
1101010110100
0111010110100
1010110110100
0010001110100
1101001110100
1011101110100
1111011110100
1001111110100
1011111110100
0000000001100
1101000001100
0101100001100
1000010001100
0001010001100
1001110001100
0111110001100
0000001001100
1010001001100
0000101001100
1100101001100
1001101001100
1011011001100
0111011001100
1000111001100
0110111001100
1110111001100
0011111001100
1011111001100
1011000101100
0101010101100
0000110101100
0100001101100
1011001101100
1010101101100
0110101101100
0001101101100
1001101101100
1000111101100
1110000011100
0111000011100
0000100011100
0101100011100
1110010011100
1101010011100
1111010011100
0000110011100
1100110011100
0110110011100
1111110011100
0100001011100
0010101011100
1111011011100
1010111011100
1110111011100
1101111011100
0101000111100
1010100111100
1101100111100
0111100111100
0010010111100
1101010111100
1011110111100
0111110111100
1000001111100
1010001111100
1111001111100
1110101111100
0010011111100
1101011111100
0011011111100
1011011111100
1000111111100
0111111111100
1010000000010
0110000000010
0001000000010
0011000000010
1100100000010
1110100000010
0001100000010
1011100000010
1110010000010
1101010000010
0011010000010
0100110000010
0110110000010
1110110000010
0001110000010
0011110000010
1010001000010
0111001000010
1111001000010
1001101000010
0011101000010
1011101000010
0011011000010
1011111000010
0101000100010
1010100100010
0000010100010
1111010100010
1011110100010
1100001100010
0110001100010
1001001100010
0011001100010
1000101100010
1001101100010
1111101100010
0000011100010
1000011100010
1100011100010
0101011100010
0011011100010
0111011100010
1111011100010
0110111100010
0101000010010
1110100010010
1100010010010
0010010010010
1010010010010
1011010010010
0111010010010
1010110010010
1111110010010
1000101010010
0110101010010
0100011010010
0001011010010
1011011010010
1010111010010
0101111010010
1101000110010
0011000110010
1111000110010
1100010110010
0101110110010
0011110110010
1011110110010
1000001110010
0111001110010
0010101110010
0111101110010
0000111110010
0001000001010
1101100001010
0001010001010
0011010001010
0111010001010
0001110001010
1000001001010
0101001001010
1111001001010
1011101001010
0010011001010
1010011001010
1110111001010
0111111001010
0100000101010
0100100101010
1110100101010
1111010101010
1000110101010
1010110101010
1110110101010
1111110101010
1000001101010
1010001101010
0110101101010
1111101101010
1000011101010
1101011101010
1100111101010
1010111101010
0111000011010
1001100011010
1101100011010
1100010011010
0010010011010
1001010011010
0101010011010
1111010011010
1001110011010
1111001011010
1000101011010
1101101011010
0011101011010
1011011011010
0101111011010
1101111011010
0000000111010
1000000111010
0100000111010
1010000111010
1100100111010
1100010111010
0001010111010
1011010111010
1110110111010
1011110111010
1000001111010
1000101111010
0000011111010
0001011111010
0101011111010
0010000000110
1010000000110
0000100000110
1110100000110
1100010000110
0010010000110
0001010000110
0011010000110
0011110000110
0100001000110
0100101000110
0010101000110
0000011000110
0010011000110
1011011000110
1001111000110
0101111000110
1111111000110
1110000100110
1001000100110
1101100100110
1010010100110
1110010100110
1011010100110
1111010100110
0100110100110
1100110100110
0111110100110
1110001100110
1000011100110
0010011100110
0110011100110
0101011100110
0000000010110
1101000010110
0000100010110
0110100010110
0001100010110
0010010010110
0100110010110
0001110010110
1001110010110
0101110010110
1101110010110
0000001010110
0101101010110
0100011010110
0110111010110
1110111010110
0011111010110
0000000110110
1001000110110
1000100110110
0100100110110
1100100110110
0111100110110
0100010110110
0010010110110
1001010110110
1101010110110
1011010110110
0100110110110
1110110110110
1111001110110
0010101110110
1100011110110
0110011110110
0001011110110
1100111110110
0100000001110
1011000001110
1110010001110
0001010001110
1100110001110
1110110001110
1110101001110
0011101001110
0111101001110
0100011001110
1010011001110
0110011001110
0011011001110
0100111001110
1100111001110
1101111001110
0111111001110
0100000101110
1001000101110
1011000101110
0010100101110
1001100101110
1011010101110
0001110101110
1001110101110
0000001101110
1111001101110
1000101101110
0010101101110
1101101101110
1111101101110
0001011101110
0010000011110
1101010011110
0100110011110
1010110011110
1110110011110
0001110011110
0011110011110
0110001011110
1110001011110
1001001011110
1110101011110
1000011011110
1110011011110
0011011011110
0111011011110
0100111011110
1100111011110
0110111011110
1101111011110
1011111011110
0100000111110
1101000111110
0011000111110
1001100111110
0000010111110
1001010111110
0100110111110
0010110111110
0101110111110
1101110111110
1111110111110
0100001111110
0001001111110
0111001111110
1000101111110
0000011111110
1100011111110
0010011111110
0110011111110
1000111111110
0101111111110
1101111111110
1000000000001
1101000000001
1111000000001
1000100000001
0011100000001
1100110000001
1010110000001
1111110000001
1100101000001
0010101000001
1010101000001
1011101000001
0110011000001
0001011000001
0011011000001
0111011000001
0010111000001
0110111000001
1110111000001
1001111000001
1100000100001
0010100100001
0111100100001
1111010100001
1100110100001
1010110100001
0110110100001
0011001100001
0000101100001
0010101100001
1100011100001
0110011100001
1010111100001
1000000010001
0001100010001
0111100010001
0010010010001
0010110010001
0101110010001
0000001010001
1100001010001
1101001010001
1000101010001
1110101010001
1101101010001
1100011010001
0101011010001
0000111010001
1000111010001
0000000110001
0110000110001
0000100110001
0010100110001
1010100110001
1001100110001
0010010110001
0011010110001
1100110110001
0101110110001
0111110110001
0110001110001
1001001110001
1000101110001
0011101110001
1100011110001
0010011110001
0110011110001
0001011110001
0111011110001
1111011110001
1000100001001
1011100001001
0111100001001
1001010001001
0100110001001
1110110001001
1001110001001
1100001001001
0001001001001
0011001001001
0110101001001
0011101001001
1000011001001
1010011001001
1001011001001
0101011001001
0011011001001
0111011001001
0000111001001
1100000101001
1101000101001
0111000101001
0010100101001
1111100101001
0110010101001
0101010101001
1101110101001
0111110101001
0000001101001
1000001101001
1011001101001
1000101101001
0100101101001
1100101101001
0001101101001
0011101101001
1111101101001
0001011101001
1100111101001
1001111101001
0000000011001
0001000011001
0111000011001
0000010011001
1000010011001
0110010011001
0001010011001
1010110011001
1101110011001
0111110011001
0110101011001
1110111011001
0010000111001
0110000111001
1101000111001
0000010111001
0010010111001
0110010111001
1011010111001
0010110111001
1101110111001
0011110111001
0000001111001
0010011111001
1011011111001
0111011111001
1100111111001
0001111111001
1010000000101
0110000000101
1110000000101
1001000000101
1001010000101
0111010000101
0000110000101
0010110000101
1010110000101
1000001000101
1100001000101
1000101000101
1011101000101
0000011000101
1100011000101
0001011000101
0010000100101
0111000100101
0100100100101
1000010100101
1110010100101
0000110100101
1100110100101
1111110100101
0100001100101
0010001100101
0010101100101
1101101100101
0111101100101
0110011100101
0011011100101
0011111100101
0000000010101
0100000010101
1010000010101
0111000010101
0100100010101
1110010010101
0001010010101
1010110010101
1010011010101
0011011010101
1111011010101
0000111010101
1100111010101
0110000110101
1110000110101
1101000110101
1011000110101
1110100110101
0001100110101
1001100110101
0000010110101
0001010110101
1111010110101
1110110110101
0101110110101
1100001110101
0001001110101
1110101110101
1101101110101
1001011110101
0101011110101
0011011110101
1100111110101
0001111110101
0011111110101
0111111110101
1111111110101
0111000001101
1111000001101
0110100001101
0101100001101
1101100001101
0111100001101
1000010001101
0110001001101
1110101001101
1101011001101
1010111001101
0001111001101
0101111001101
0011111001101
1111111001101
0001000101101
0011000101101
0010100101101
1110100101101
0101100101101
1110010101101
1000110101101
0100110101101
0110110101101
1001110101101
0001001101101
1011001101101
0001101101101
1001101101101
1100011101101
0100111101101
1010000011101
0101000011101
0011000011101
1111000011101
0000100011101
1010100011101
0101100011101
1101100011101
0000010011101
1110010011101
1001010011101
1110110011101
0111110011101
0010001011101
1000101011101
1100101011101
1010011011101
0101011011101
0011011011101
0100111011101
0010111011101
1001111011101
0111111011101
0110000111101
0001000111101
0111000111101
1100100111101
0010100111101
1010100111101
0011100111101
0100010111101
0010010111101
0001010111101
0110110111101
1010001111101
1001001111101
1010101111101
1001101111101
1101101111101
0110011111101
0101011111101
1100000000011
1001000000011
1111100000011
0010010000011
1110010000011
1000110000011
1010110000011
1001110000011
0101110000011
1011110000011
0111110000011
1000001000011
0100001000011
0000101000011
1100101000011
0001101000011
1111101000011
1110011000011
1101011000011
0111011000011
0010111000011
0001111000011
0111111000011
1111111000011
1001000100011
1000100100011
0001010100011
0011010100011
0000110100011
1000110100011
1110110100011
1100001100011
0001001100011
0010101100011
1010101100011
0000011100011
1000011100011
0110011100011
1111011100011
0010111100011
1010111100011
1110111100011
1001111100011
1011111100011
1011000010011
1011100010011
0001010010011
1110110010011
0101110010011
0111110010011
1010001010011
0011001010011
1000101010011
0100011010011
1100011010011
0110011010011
1111011010011
1111111010011
0110000110011
0000100110011
1010100110011
0011010110011
0010001110011
1110001110011
1001001110011
0101001110011
1101111110011
0111111110011
1100000001011
0101000001011
0110100001011
1101100001011
1011100001011
1000010001011
1100010001011
1101010001011
1110110001011
0010001001011
1111001001011
0000101001011
1000101001011
1010101001011
0100011001011
1001011001011
0100111001011
1011111001011
1010000101011
0001000101011
1101000101011
1100100101011
1010100101011
0110100101011
0111100101011
1100010101011
0000110101011
0001001101011
0101001101011
1011001101011
1001101101011
0111101101011
1001011101011
1101011101011
1111011101011
1100111101011
0010111101011
1110000011011
1100100011011
1001100011011
1110010011011
1001010011011
1001110011011
0001001011011
1011001011011
0000101011011
0100011011011
1100011011011
0001011011011
0000111011011
0100111011011
1110111011011
1011111011011
1111111011011
0010000111011
1010000111011
0010100111011
1101100111011
1100010111011
1000110111011
1010001111011
0001001111011
0011001111011
1111001111011
0101101111011
1001011111011
1000111111011
0010111111011
0110111111011
1101111111011
0111111111011
1111111111011
1100000000111
0100100000111
1010100000111
1011100000111
0000010000111
1000010000111
1010010000111
1101001000111
0000011000111
1010011000111
0101011000111
1101011000111
0100111000111
1110111000111
0011000100111
0110100100111
1110100100111
0101100100111
0011101100111
0100011100111
1100011100111
1101011100111
0011011100111
1100111100111
1101111100111
1000010010111
0110010010111
1000110010111
0110110010111
0000001010111
1001001010111
1111001010111
0100101010111
1110101010111
0101101010111
0101011010111
1100111010111
0010111010111
1101111010111
0100000110111
0010000110111
0001000110111
0101000110111
0011000110111
0000100110111
0001100110111
0100010110111
1111010110111
0100110110111
0001110110111
0101110110111
0000001110111
1100001110111
1101001110111
0011001110111
1011001110111
0000011110111
0100011110111
0110011110111
0101011110111
0000111110111
1101111110111
1000000001111
0000010001111
0110010001111
1000110001111
0111110001111
0100001001111
1010001001111
1100101001111
1010101001111
0011101001111
0000011001111
0101011001111
1100111001111
1010000101111
0011000101111
0111000101111
0110100101111
0001100101111
0101100101111
0000010101111
1000010101111
1100010101111
0001010101111
1101010101111
1111010101111
0100001101111
0111001101111
0100011101111
1011011101111
0111011101111
0001111101111
0101111101111
1100000011111
1010100011111
0101100011111
0011100011111
0111100011111
0110010011111
1000110011111
0100110011111
0010110011111
0110110011111
0101110011111
1010001011111
0111001011111
1000101011111
0001101011111
1011011011111
1000111011111
1010111011111
1001111011111
1100000111111
0110100111111
0000010111111
1110010111111
0001010111111
1100110111111
1010110111111
1000001111111
0001001111111
0010101111111
1110101111111
1011101111111
0111101111111
0100111111111
1010111111111
1001111111111
0101111111111
1 1
9500
0
5 5
2197 1425 5779 1574 7642
11000
00110
00101
01101
01011
11 389
7137 8232 6738 1162 83 3362 9786 5268 82 5093 5091
10101000000
11000100000
01110100000
00101100000
01101100000
01111100000
10000010000
00100010000
11010010000
00101010000
10101010000
10100110000
00010110000
11010110000
00001110000
10001110000
11001110000
00010001000
11010001000
10110001000
10001001000
11101001000
10011001000
11011001000
11000101000
10100101000
00001101000
01001101000
10111101000
00000011000
11001011000
00011011000
01011011000
00010111000
11010111000
10110111000
10111111000
10000000100
01000000100
10100000100
01010000100
01110000100
00001000100
00101000100
10101000100
10111000100
10000100100
01100100100
01010100100
11101100100
00011100100
11111100100
11000010100
00100010100
10100010100
00010010100
00110010100
11110010100
11000110100
01100110100
11101110100
00011110100
00111110100
11000001100
10010001100
11001001100
00000101100
01000101100
11000101100
11100101100
11010101100
01110101100
11110101100
00001101100
11001101100
10101101100
01011101100
01110011100
11001011100
00000111100
01010111100
10001111100
10011111100
01111111100
10100000010
11100000010
00010000010
01010000010
01110000010
11110000010
00001000010
10101000010
10011000010
10111000010
00000100010
10100100010
00010100010
01010100010
01110100010
00001100010
10001100010
01001100010
01011100010
10111100010
11111100010
11010010010
01001010010
11101010010
11011010010
01111010010
10000110010
01000110010
01010110010
11010110010
11001110010
01101110010
10000001010
11000001010
00100001010
11100001010
10110001010
01110001010
10001001010
00101001010
00011001010
10000101010
00100101010
00010101010
00001101010
10101101010
01101101010
01011101010
11111101010
10001011010
01001011010
01011011010
11011011010
11000111010
00100111010
10100111010
11100111010
00010111010
10010111010
00110111010
01001111010
11001111010
11101111010
01111111010
01000000110
00001000110
11001000110
00011000110
10111000110
11010100110
11110100110
01101100110
10111100110
11000010110
10100010110
01010010110
11110010110
01001010110
11001010110
00011010110
10000110110
11000110110
00110110110
00101110110
01101110110
01011110110
01000001110
00100001110
11010001110
10110001110
11001001110
01101001110
00011001110
01100101110
01010101110
00110101110
00001101110
10101101110
01011101110
11011101110
11111101110
01011011110
10100111110
11100111110
10110111110
11001111110
11100000001
00110000001
00011000001
10000100001
10010100001
01010100001
11010100001
00110100001
01001100001
11001100001
00011100001
10000010001
01000010001
11000010001
10100010001
01100010001
00001010001
00101010001
01011010001
00111010001
01111010001
01010110001
00110110001
10111110001
00000001001
10000001001
00110001001
01110001001
01001001001
11101001001
10011001001
01011001001
10111001001
11111001001
11010101001
11001101001
00101101001
11101101001
01111101001
11000011001
00110011001
00011011001
10111011001
11111011001
10100111001
01100111001
10010111001
01010111001
11010111001
01110111001
10001111001
10101111001
01101111001
00011111001
10000000101
11000000101
10100000101
10010000101
01110000101
00001000101
10001000101
01000100101
11000100101
11110100101
00001100101
10001100101
01001100101
10001010101
01001010101
10101010101
01101010101
01011010101
01111010101
00000110101
00010110101
00101110101
01111110101
11111110101
11000001101
10100001101
10010001101
00110001101
01011001101
01111001101
10100101101
00010101101
11101101101
10011101101
00111101101
10110011101
11110011101
00001011101
10011011101
01111011101
11100111101
01110111101
10001111101
11001111101
11011111101
00111111101
10000000011
00100000011
11110000011
10001000011
01001000011
11001000011
00101000011
11111000011
00000100011
00010100011
10010100011
01010100011
11010100011
01110100011
11110100011
10001100011
11001100011
01101100011
01100010011
00010010011
11010010011
01001010011
11000110011
00100110011
01100110011
11010110011
10110110011
11001110011
10101110011
01000001011
10100001011
00110001011
10110001011
00001001011
11001001011
10011001011
00111001011
00000101011
11000101011
10100101011
01100101011
10010101011
11010101011
00110101011
01110101011
00001101011
11001101011
00101101011
01101101011
11101101011
00010011011
11010011011
11011011011
00111011011
00101111011
10101111011
01101111011
01011111011
01111111011
11110000111
10101000111
01110100111
11001100111
11011100111
00000010111
11000010111
11010010111
11001010111
00101010111
10011010111
01011010111
00111010111
10111010111
11111010111
00000110111
10100110111
10110110111
01001110111
11101110111
00100001111
10100001111
11101001111
10011001111
01011001111
11111001111
10100101111
10010101111
10110101111
01110101111
10001101111
10101101111
00011101111
10111101111
00010011111
10001011111
00101011111
00001111111
00101111111
00011111111
5 10
4075 1265 2432 6983 5369
00000
10000
01000
00100
01100
01010
01001
00101
10101
10011
1 1
7882
0
