2 74 3
4014616 2526690 
0 3 25438
2 0 22929
1 3 3924
1 3 7605
3 0 8246
0 3 22732
1 2 28899
0 0 31462
1 0 24415
3 2 20080
3 3 18562
2 0 27659
1 2 17492
2 3 508
3 3 12275
1 1 20212
3 0 14906
1 3 31549
2 2 14983
1 2 10397
1 1 9540
1 2 28766
0 3 2088
3 1 26723
0 2 10321
0 1 31547
1 3 13977
0 2 13436
2 3 8920
1 1 27132
0 2 29946
3 1 13218
2 1 19207
3 2 16095
2 2 15760
3 1 2064
0 0 2087
3 3 13142
2 3 31172
0 3 28592
3 2 28996
2 1 21075
0 0 5226
3 2 15763
0 1 5131
0 2 32224
1 2 15941
3 3 8354
0 1 26612
2 3 29684
2 2 26824
2 3 27539
0 3 4514
2 1 9858
0 3 15135
3 3 21024
3 0 23175
1 0 31443
3 2 1391
2 1 20341
0 1 205
0 0 17431
0 1 30299
2 0 10728
1 2 17266
3 0 3384
0 2 5832
1 1 18413
3 1 20147
2 3 1519
2 0 20451
2 3 19018
0 1 27821
1 1 10010
