16 1746 9782
345863050 987331168 1070290981 940242140 372830434 899074530 198850650 270701153 873538963 338348355 231060331 988392946 933328698 275099675 375950003 479807666 
19723 25654 12961
17244 18649 78
28180 10989 13389
65008 33376 15721
26549 9000 10420
59197 23493 2400
62087 61744 17554
11814 37221 14731
57871 5066 28919
23840 16741 24430
50069 3768 11342
3176 16512 12521
15512 39358 12752
63016 2187 26389
56803 61805 12182
13837 38247 13816
56720 36432 23979
55764 49989 17463
39300 61475 3266
52948 55652 16741
13604 9798 20869
14496 28326 12974
59471 39817 22932
26405 20927 6375
64233 15096 18860
34545 42181 69
16244 37984 20632
54421 31842 10581
30861 35484 28870
9265 7428 7141
16458 6893 29387
32941 29880 26617
5577 17381 3346
4662 48787 28173
62572 52146 8576
61932 58582 3877
6555 61645 4076
8425 18741 28293
12549 48473 5249
37643 9951 18949
54451 5296 2964
45605 22594 11092
62825 62450 20595
64642 64162 9140
43307 4506 21296
63966 17390 13552
55525 56671 381
50249 29574 19859
9084 43235 18703
56965 42186 9141
56281 51980 24105
38881 681 4311
6319 11002 7985
23976 64905 10906
12293 7397 30347
42131 16708 32609
32209 43646 3590
6366 52998 27423
52257 37251 5025
37368 24402 14292
60586 18069 17780
61155 6787 32395
57009 61350 2811
4794 55922 20706
35247 24694 7197
50432 5684 26709
62488 64745 10909
53146 57611 16359
48949 53321 16607
58542 6141 26080
25580 30129 8482
45236 34224 20154
33256 27953 29341
37244 64121 20333
22922 64104 1571
51456 9924 29888
37501 31912 573
15151 32828 32331
3051 42473 26328
59417 44638 10051
61604 23820 8947
61481 63834 27729
30902 16700 31485
38467 36463 29955
62274 65400 19646
29708 12073 143
13975 51332 26104
32424 7460 267
47582 1237 13616
7840 55876 15681
45777 46390 10298
3042 13703 12486
27481 4658 8820
59123 9937 17157
28175 16780 9443
15040 49258 8531
62947 45137 7307
48832 35589 23887
3200 6458 24491
59202 2438 14359
17451 19075 16598
41491 29670 3098
19748 43873 22270
6119 1248 25233
7127 8375 15322
32555 3153 16097
15457 4546 7782
2857 59501 22899
39220 49358 11585
55969 41532 13518
13787 49461 7471
2886 48631 31471
64560 23347 31261
21447 60990 13875
2435 30554 5446
19522 53568 4176
47750 34473 20850
60756 49485 6967
55279 6542 22115
22571 7782 4811
35640 18276 26355
15935 56520 21458
63978 31010 16745
52637 9352 17300
57155 27995 10253
61161 30902 25852
34636 12488 11
29830 16551 11061
31631 7646 28451
9856 48206 3874
20748 3918 5297
60716 62671 21532
10278 40036 31001
52384 44216 4570
58005 50064 9883
32109 16247 21620
43175 42664 8469
17212 22034 16601
24151 48553 11844
16454 26407 31543
29179 30710 9857
64701 45751 24098
51614 31082 26122
48024 56922 13441
53574 51135 341
37482 38077 28033
39848 9742 8973
8231 9123 31016
63521 22388 2197
48904 5566 30009
41971 24364 31317
14309 49684 23946
41480 58258 28439
25027 53465 24570
39893 27373 22072
50798 21980 5031
50959 3066 23175
60749 27385 29719
30544 12673 24572
24533 47409 29808
36826 1924 6318
26438 11606 5110
18724 25037 25017
31134 15726 25695
65229 14037 14063
56285 46650 15304
20006 30567 1154
14861 5246 10057
33408 60014 19
59829 1030 28795
29649 38340 3782
51615 52857 30578
25975 61446 9288
18955 24181 5102
60956 60592 1777
10966 3981 29663
53008 15130 3941
30999 57888 21093
45197 39424 24152
23610 25121 14833
18878 15555 12656
25264 12867 7485
56972 15493 2132
18589 51509 15920
629 16072 15715
14132 5312 26338
1786 11330 8622
18848 30477 14437
13670 54773 8747
52392 64611 5118
48898 35807 3132
16500 52240 14060
64493 49069 16883
45084 50533 22004
61487 10077 8906
2275 491 11593
28616 48827 11169
19282 10292 25229
60864 54284 26940
19087 9979 4602
55179 19311 23199
49824 42610 15602
9530 50619 23794
27771 52715 24460
20562 10982 16604
61204 30269 987
32317 36144 18797
11976 5530 3314
10422 49578 7954
39127 44975 30982
15769 13273 17712
11970 27968 20756
57602 46460 28491
54740 16549 13804
65441 10433 15082
22812 14545 17828
1191 12910 26015
45210 27333 16817
7616 62150 8915
3705 14754 15670
53487 26422 19265
64384 53179 31834
37707 23562 20564
32300 24396 24720
23791 3263 14267
62472 20421 4931
46487 2728 30700
64321 25807 26432
46784 3329 27766
39559 48751 29392
54092 15017 20816
20413 56824 32621
43503 7444 22142
25092 12705 26979
3833 3383 31185
53794 39173 14575
9010 56960 31365
40030 61143 28560
35049 41233 31492
49464 63623 1954
58718 56280 20263
50866 47792 18829
44085 26688 6558
10760 43401 12537
33687 62600 18797
39420 3756 30189
13084 28425 20638
23594 23024 14544
54471 35820 8085
1021 63791 7567
13969 2083 7343
45121 54051 8580
54354 36771 1552
60510 11210 30929
23827 37419 31693
42180 40173 4934
9224 43299 27342
27156 64443 24075
64706 51797 17703
38145 3232 16044
41820 44686 29367
19716 22707 27961
17583 57445 15685
36445 25723 3722
20436 42692 15739
8168 32217 3320
16757 16351 2668
2014 26447 32002
58050 29883 13196
34418 24844 11445
20743 17020 27967
65515 33886 8151
57394 32268 25193
39856 42094 33
22985 16349 25000
50259 65412 16391
35620 24783 11039
46257 3615 10217
55523 44676 3063
59534 14746 4250
62204 36010 18186
11110 51783 31652
39891 18944 5706
11841 32024 22709
36407 54053 26337
38347 64343 26894
14658 62057 25133
25605 62203 9460
5729 49985 28659
36167 56466 7284
40217 47373 12931
65130 41959 21495
6468 58441 7084
59986 64200 26225
15316 52841 12709
61239 43406 4667
29539 41961 32092
38998 51042 4824
16663 17755 30665
32500 29777 6444
42919 2942 12857
58841 35236 9458
19840 57239 30119
44204 18725 17785
51289 37038 16291
29914 29231 11498
6077 55129 26456
55276 56250 22696
58705 5433 25512
44921 21702 10886
1247 55898 13183
47377 10455 31211
13166 59919 23497
58587 52308 12569
35823 10758 23212
60353 62729 18994
24903 27043 26108
62029 19755 16566
63679 38124 23294
36791 4990 8067
19745 32128 32754
40105 27024 2215
25092 48503 11272
50116 55596 15239
36897 8987 10396
32247 52340 1822
59042 57820 14071
32532 57400 4454
4803 17385 10217
43861 44677 14892
1607 39252 28402
3247 65427 28374
40587 62642 8403
63257 18790 22000
10556 47756 28098
44352 6886 7279
8444 28709 29083
29494 36156 13329
43897 57179 14516
8987 11953 18754
5063 24749 9809
38877 40043 28782
32504 47540 4541
11386 48304 21931
48710 52612 407
45670 20895 26389
47437 44508 30941
12296 64639 20835
17449 16135 24488
32878 21518 1907
41076 26077 16838
8097 62590 16603
46448 61002 30613
39746 32253 12491
2794 21051 25022
54617 57080 32198
37786 37868 16079
38780 6530 3051
42752 52198 22978
61115 65408 18165
28 43565 29419
64749 14218 5658
32109 19313 24814
27221 19613 21352
2069 46655 3491
31420 9499 20822
17187 27011 13082
35698 4520 31906
49474 60635 10009
64461 49884 19900
20068 40075 10182
51239 60658 21566
11309 17941 2657
65382 17107 73
17174 26553 30009
50578 20011 14529
36779 21617 63
23053 36975 6848
51796 28458 17381
9822 55552 15792
16773 29495 5165
49845 59079 22764
26951 42339 30223
12172 53252 31459
36982 8197 22433
53274 22818 30473
19253 34305 18349
1902 27601 5914
17239 5028 26510
51818 20920 17789
4823 4528 10896
4853 49776 8654
24983 28189 14378
29990 51896 3532
34544 65370 708
13614 8951 4170
47342 35341 27376
46409 50571 15564
11805 54946 10038
29960 35187 29178
54355 19254 13030
47016 17496 1558
11752 59282 19093
52568 3846 12292
55340 64599 2849
31642 51657 29885
33057 54161 12411
43808 31313 27671
30661 4158 17287
26074 41741 7491
55662 7064 21196
56845 54293 21121
30724 23068 10196
49065 32799 25802
16417 59302 23391
65343 9238 29573
29532 4378 17633
50745 40519 4488
51787 64370 5598
37454 14913 30699
54016 13099 4129
44615 2270 6270
29711 3169 15848
25738 43023 17626
12634 39713 30061
16392 13400 23658
63290 27832 19838
61059 20010 25315
39357 56835 3843
61256 63357 20986
45329 16403 12189
48074 8783 15455
55639 50079 3018
5070 9975 15684
60267 44311 31529
7416 37235 1788
21866 28252 2008
9731 22290 31860
7424 49252 6667
10221 41515 27795
39612 1619 23351
41939 34752 5061
29953 62671 155
19034 15174 18237
6733 31646 8933
33236 48861 28339
50666 38095 22848
62083 45757 1191
51017 46065 2075
19623 21683 2672
41877 26933 18519
4671 2255 1187
2622 46952 2511
24221 30398 32149
51344 26913 11346
32833 29541 1792
48528 12449 19581
19867 42161 4378
38577 57138 32291
64412 7612 31901
42794 21515 13347
30016 43961 24201
18152 47101 13785
54657 49220 20409
41847 33405 19596
16710 25602 10096
7254 28098 22409
1356 62659 30606
30097 47884 17359
39975 46201 23061
44700 50523 3185
10944 60095 27422
28857 12311 31512
42498 8402 30575
8054 20598 27736
17040 24604 18254
61192 5029 29095
38845 58826 20049
53130 59652 23353
37151 514 15410
51557 28402 3607
63084 26542 16361
59003 39410 7969
34697 39426 5544
17592 39236 2529
64243 63261 362
49730 10520 4694
42723 11130 29482
43102 41476 802
53736 45068 3846
8638 13936 5563
9664 25911 734
29149 49675 30873
38843 63240 17441
40586 42121 10097
23541 35674 21487
23002 10298 13301
13594 55489 19649
51728 48699 16831
47263 48509 5153
7752 13646 26190
65424 53188 25673
33245 19869 26165
18018 15639 19616
50659 31476 31474
17006 46216 5479
53045 6197 30989
501 6173 29210
20702 4633 25699
5100 56237 28492
58856 29808 20690
34524 23531 23566
2777 40068 26526
39569 9858 25628
38500 60498 7749
54901 46180 30564
61975 34215 10655
9936 35270 17574
50956 41327 4221
48439 39766 18494
26606 22195 802
50421 52912 3414
18633 26138 22862
6712 31777 3855
7807 12780 24237
43840 4658 30824
39647 49118 30189
3309 28569 9451
63400 51516 9420
43089 18043 2399
29187 18219 24530
52535 29737 25374
51512 25612 31388
62917 15035 1463
5803 38995 2527
12699 17977 10753
14947 18512 22156
4894 60716 3799
61094 18869 19904
10193 48339 23306
44662 39649 12128
36073 11087 20811
50669 39736 11667
41858 20098 23074
28876 35600 18808
21532 50292 32048
10938 54012 3529
18251 41596 27197
5633 56697 26192
35262 21118 31728
61655 31565 19277
52230 53761 31013
18023 43542 23112
58059 56550 5936
45114 62937 20964
27211 15876 11927
26039 24982 19622
2135 23038 1288
21199 38948 5845
51762 7433 21139
52234 60909 9690
6131 53880 3443
1429 50489 7114
48476 9550 24301
33800 33324 28674
43085 11048 15623
8430 14499 24055
18226 63279 20520
49760 60820 11695
30236 22790 22758
23601 63133 21883
14189 43972 2437
2680 34278 27367
40252 888 2038
57473 38278 26884
23256 11214 24664
13415 31998 3180
534 22735 25933
3811 54424 31159
1618 13010 8860
18465 13730 8508
20292 39184 28656
36235 13274 27471
32792 41603 11463
25073 27541 14938
43891 39670 3006
28792 340 19589
35650 2662 25312
37934 49904 3277
2952 53045 1960
4417 3971 945
39308 34738 8400
64039 4787 25062
50440 1537 23844
59952 35086 9135
26455 24950 30198
61536 32407 6599
50354 31440 7393
34957 5559 19718
1520 34048 16383
42498 46119 17442
36207 27229 15549
59965 17557 16196
6161 50810 30965
31629 57104 4928
25453 46831 15093
55948 61313 32429
50342 2518 19606
25296 10422 11587
51080 24281 19100
8776 35791 12821
41939 14318 18664
46108 22281 8108
9962 18754 32079
40720 7231 7435
10804 41957 15884
44213 56984 31009
25331 11559 7720
5612 47156 23097
54884 50385 8528
2698 31716 19817
5468 5790 12785
54559 23588 14857
42177 26524 1929
31015 10231 10169
46231 52830 20634
63801 30545 27018
3440 48424 2720
17385 64565 12084
64635 10109 19438
59761 27319 17810
37020 26803 11884
369 55667 430
16159 30586 22403
24371 27974 32293
5380 29308 6336
11356 58951 2226
516 15484 9712
36086 2386 28182
7350 49828 12485
56625 47264 19652
35704 46554 12100
47185 42824 19181
5141 34904 31115
6556 16023 2792
17464 29404 5300
56142 22947 4362
48930 12589 15323
27866 47750 4196
37205 7105 21908
41214 24096 20488
2298 21708 21329
15733 58968 8387
35417 63746 18825
53583 2094 15205
47516 47312 12968
37939 37408 27163
12203 31958 5118
27 34986 9057
54766 53484 29525
51274 53742 19345
1328 54007 1237
4995 50889 14884
11775 24402 1112
50390 3806 29211
46388 47781 6752
30075 48727 18725
23951 6482 19535
23437 3955 3973
8074 44777 6288
33959 38687 15047
49869 62527 21197
22705 52004 12216
30960 41243 26989
6246 59819 7238
12129 32408 17643
52296 7477 28727
57014 51623 15047
11308 58671 31698
55212 59748 26910
15497 10952 7659
671 54029 3372
1558 19136 18171
17484 9695 22089
13719 4149 32034
54024 25385 10267
27834 29130 3405
51683 15188 531
27250 43416 16339
49993 50866 10103
16445 18881 19261
51993 14666 31355
56107 2729 28197
39001 49926 5695
2728 3351 8517
51425 27108 24235
46168 31185 17712
23990 21029 19069
56189 6512 6987
1273 43139 27402
56264 635 20482
59013 52475 30333
33414 41234 27721
15030 175 11414
24185 62121 16102
32502 18404 9024
32238 10657 16936
45567 31030 12145
46024 22472 16610
45548 42347 2097
44948 35849 5613
45207 12179 15547
35304 20166 25472
18139 41811 29719
44444 27068 7192
3489 42897 31649
36758 47971 15567
56305 26074 15180
49736 51998 14666
60255 29489 2483
28428 47813 25514
49274 17722 24365
28422 56127 7975
56123 38603 24187
60980 25935 31288
29566 24945 25299
1739 29897 30075
28681 52593 3660
26655 13236 20149
27309 49218 257
13217 29753 13217
33419 4505 16473
37814 39752 22129
34174 31101 14173
31612 33619 3618
44087 3580 27656
19376 46488 1815
53396 46460 23268
38994 20945 7323
48182 23226 12677
19397 1851 21040
32098 33263 10649
14188 28507 7137
10926 10944 24987
38689 47592 18153
12815 49371 3454
29688 15037 28776
20033 19820 2240
64540 24009 7697
5533 13789 1222
8416 6741 19682
22487 10352 4464
59690 34320 13415
15430 62901 25417
46560 61899 8485
22681 36341 20925
1806 54473 14099
22567 48128 24889
29651 2309 13648
54847 4865 6181
19540 51695 1651
21026 27461 11028
37966 22619 5422
12685 18971 2979
32254 59843 4889
44798 15157 26330
6257 60937 12251
58136 1582 29450
53630 3673 14611
58577 55596 25217
2811 24803 20391
21070 2476 14223
41958 30837 23914
33952 65276 24487
18845 33868 20024
51894 17909 13990
64092 62358 20974
23621 17387 12424
43409 20842 10484
21366 36599 14096
49105 41297 17202
62610 44027 6704
2924 47508 22942
27923 26391 5426
62451 49121 13523
36789 14699 12274
45617 54797 5952
31102 18257 31401
48992 32765 20478
3037 1148 7193
61863 10485 25419
53836 34716 13596
41246 15850 2098
19995 40310 2526
2029 58237 1786
53574 19345 82
10569 45521 23107
6539 15595 9371
46669 25948 25853
53026 38733 22405
29964 27476 10657
63157 1595 24640
60750 27007 17236
56464 28820 8695
57299 44125 32728
36654 57433 32516
40974 37893 29049
47482 12344 20163
40383 63287 12888
41348 10446 2141
4816 54635 28354
52869 59322 13303
13147 25569 12919
29018 50428 9522
14546 55045 29959
44253 65328 17632
65167 37024 2997
22480 21925 5456
62817 58542 2945
55344 61287 29606
50387 49619 21568
22566 4269 12828
21552 34753 1523
57080 15434 21018
64165 1292 5049
56481 1308 12936
3302 18248 5133
1278 37763 17868
14397 60253 25655
32687 19816 9289
58871 49524 17678
33821 45921 25441
36737 12017 20873
1351 29682 20039
19126 4686 9130
42820 32251 17700
46900 55260 15041
59541 3535 28758
43177 15277 20012
50112 56467 28892
16244 13365 14831
41428 53194 5157
59421 33385 11996
21689 55102 8414
50020 14178 22058
34939 8615 25461
5115 29903 14499
15611 1218 1124
19494 38068 982
30109 29611 14219
34010 36437 19439
62199 46784 19230
22797 43317 14114
35467 55898 21993
41814 11407 10194
6922 1556 4103
49426 35006 3281
16317 46208 3641
38305 18787 2927
21502 41850 30586
24964 16974 19771
8176 57203 11659
27737 44666 27544
47568 4211 5254
52741 12183 19861
54161 48537 31425
41626 38391 24753
25265 9319 27007
30130 58330 29549
57435 4902 12359
1364 27756 12504
55888 525 6103
61858 3574 24186
49469 64807 9993
54752 43019 6729
57176 57609 4909
28819 57788 31891
47743 1733 9888
15311 59674 16892
26421 53205 27556
29665 56454 3070
3621 41156 3788
55811 22442 27281
44060 53730 887
53688 30985 20460
62613 65356 20008
6913 29321 22383
51531 32256 17354
45195 9832 31553
32117 8681 23065
2182 17270 41
43406 252 9412
61382 38539 5530
48344 35286 7177
16985 44180 30753
52227 10377 7387
45504 14255 24202
26778 57975 2003
26721 17187 11889
8992 23138 19312
64244 60735 29478
51721 40997 20351
3065 27499 27143
37363 39854 29341
39538 23523 14785
10183 55599 26672
31872 10745 9744
19370 3236 5196
53137 56535 22521
35821 56606 21595
33589 24078 12953
39252 31856 18057
57575 60543 14068
2673 52793 26426
57923 22870 15729
51687 63831 4890
39036 43064 23012
60362 49482 30082
43800 2262 10066
53378 279 30285
22843 44914 2770
57299 10144 10065
49148 41769 18753
54517 46482 20754
49578 31741 8602
40174 1878 24427
38112 4077 3635
14976 14764 25162
4059 34209 26931
3946 50644 27559
33652 64632 1266
57561 6770 7007
47779 17651 26417
64808 2196 29349
50814 20945 20032
41841 59518 25622
62475 26980 2446
16762 28711 21186
61543 65500 2875
23288 26007 8610
2309 22170 32421
1357 12665 26191
28951 20948 12289
58656 27293 5371
21089 48389 15232
38792 20817 24830
65283 16384 24214
63135 59813 25710
43775 25002 29781
18868 34333 15005
30597 62111 11779
47992 45154 25718
8007 26948 2892
62685 1005 23304
35437 59941 448
2428 52933 29643
51672 47756 14724
35514 46782 31578
50390 32938 21845
43277 17893 32441
37245 52181 30294
55050 12025 28772
20283 14496 8253
63523 25377 32180
15462 28637 24793
54591 50236 21089
62155 36038 13835
27537 60292 810
3221 30176 12198
15966 12890 13800
47611 46426 18129
45706 31595 11417
55703 12527 27359
13094 46238 27171
49243 5780 25534
32864 15971 2786
56181 47744 29803
9841 58197 28735
34219 52304 11272
16525 25430 21981
6891 33863 8837
27609 55180 8228
22574 1803 1546
14581 28903 32558
15065 36165 28790
36509 22807 11879
10815 44561 2223
56938 24091 30808
3832 20000 2463
21700 6867 1917
26403 31477 30991
24434 4922 16401
46030 45235 12987
37504 18734 13362
39710 579 88
43334 14070 2774
39909 42726 21859
45525 61157 15195
33482 56690 32240
60188 60362 6848
50744 13505 12756
4731 62477 13513
21925 27166 6618
56231 57766 6807
37359 33212 31470
9730 15190 383
57322 53876 31575
50396 57290 4133
58189 50522 24701
60470 41357 23845
16291 21230 18383
39416 43761 14797
36328 41719 19389
13251 25440 15548
55548 28994 19951
39872 60336 27485
14360 18655 21017
17178 11622 11924
21979 6293 276
53000 63773 15905
43954 59040 8756
19859 55904 12156
50350 20213 10473
51576 43957 10298
51191 52898 28459
22741 41914 10554
10885 63495 26956
6283 7288 20271
35016 22262 7706
30324 18518 3644
40033 22782 1655
18137 62552 10690
22301 19821 14814
62938 60811 18061
13261 53709 2398
17304 45010 17669
5814 37610 28954
62056 48745 25099
29356 32670 10324
45150 31450 16557
42257 12793 8830
57822 36160 17368
27218 15491 6131
22825 35069 22183
48540 33953 15172
34553 64353 15119
47575 12396 10298
23202 36291 491
30509 48504 27644
60508 60196 15545
47016 59226 20985
15006 47444 6286
52911 59382 30602
52145 49195 13056
23136 8403 6251
30438 23900 27932
29471 13324 8302
34065 12774 5539
13527 19606 25378
20026 7729 19237
50872 41205 30788
35491 13400 16299
39290 59537 13353
51089 21556 25366
18795 23373 5516
25729 15130 13917
47322 13329 24165
48036 33141 31051
57491 25185 29612
45280 55966 21872
20360 27705 8253
25771 65435 27746
12264 18630 308
50289 35766 5249
14113 34230 18044
47207 18948 26323
30641 42031 8291
52995 38230 22980
28326 6066 15220
36962 34858 20415
44094 121 7656
10347 57494 3581
60944 60423 9828
25715 15431 20231
47767 59912 25066
10662 15100 26032
55585 59574 32541
7045 47673 30878
11887 25431 24395
13885 51961 5014
58750 18072 14817
46746 19112 29473
11612 55755 1321
55785 15026 22608
34811 51539 28556
23052 40551 11685
31563 28105 13991
7801 56578 9056
48438 27793 9719
63764 30233 30928
64559 41480 3308
32242 53438 14677
33128 14958 7322
10126 8726 5932
59130 50730 26474
38135 58936 4935
52089 16176 16754
54779 48781 6329
40398 12423 3681
31080 51975 27524
8019 52795 12835
64456 53228 5571
57205 39753 27556
22862 16391 11145
35705 35908 27999
62416 41853 7411
17936 47295 7579
17912 23964 12085
9689 29382 6279
3869 6227 26793
18189 53996 26762
53087 10812 4409
56288 16563 32144
8692 46181 12170
43101 2655 18962
21456 1837 29908
43468 3181 9513
3857 10745 9302
40675 34888 13047
42955 46988 190
36167 60150 12572
5423 12613 30974
35376 14281 11041
64038 34192 32611
50994 24675 23283
58061 23121 30963
33135 55946 25574
39032 51726 22610
49344 36248 15069
13357 47904 3777
42396 3217 31879
63410 23102 22262
42948 20271 15056
32670 7696 18653
60666 35666 31993
42255 40893 29316
5708 16826 23024
29692 38016 12732
23492 21507 19174
816 24275 2869
55664 24363 9265
52597 4529 3878
24099 60722 7413
63361 28407 20662
11109 43409 569
50319 29168 23754
46945 61338 12359
60383 27025 17886
62679 5894 17801
39784 4594 5651
14942 41524 17475
51325 4864 5536
59766 13030 5340
3390 23168 9019
16192 15754 8340
51717 33245 11585
5071 43075 7376
9264 25685 32158
35439 10833 10608
22524 51327 20427
9310 43414 10437
14660 6213 24402
39106 53047 17948
49000 42176 5826
38882 27063 2052
8874 61344 4598
34036 16890 7598
30133 31232 5142
2289 6672 25377
21568 14551 12488
31322 28603 28179
18390 39272 2394
16589 8718 26019
30294 33885 29179
26841 4243 338
39337 40049 26677
23415 986 24547
14004 7633 19271
60946 31333 1295
39326 54693 4118
37635 8775 17714
55259 13659 1474
10209 42739 18516
3225 7077 32045
1579 23563 10816
49801 40276 5360
58375 308 9100
38421 62061 23703
3623 12339 10170
40320 16427 17687
24867 52709 3793
41099 54996 14809
63421 24530 17714
44937 12932 5333
5352 50016 10857
51730 45144 14736
13205 16634 20549
4020 1443 19958
11147 9386 15756
31049 44313 5480
20944 14062 17401
59363 48650 12672
13435 62417 28521
32370 35876 19787
56538 33686 9317
19847 37470 19216
45141 36725 15977
58593 6643 16860
59261 26164 29333
29867 54928 16234
62488 53157 31155
22677 25394 11301
25143 15190 7342
49455 46906 10828
5526 30190 16625
17446 25028 9869
3022 4621 3662
31319 43336 24453
54571 1199 20050
35551 43015 15117
37154 27229 17719
42117 45529 9028
14515 53680 3793
33581 52821 10916
45123 37109 3629
17731 27237 11699
52150 26611 19638
5432 42700 25097
29381 52256 19997
5509 58657 3524
47335 36042 28763
41425 64336 20385
21329 19965 31616
58926 54688 16204
12494 64555 6961
5517 22990 3761
57981 8172 11264
15057 8636 2127
20929 45122 8451
19504 45764 7125
48862 64329 23129
57019 48821 29083
1305 18501 9082
10316 52735 1714
62556 50013 18563
63535 65177 28313
1444 25229 21475
33579 22948 21736
5830 38034 8719
56817 12772 2145
33622 32227 7982
55532 6003 2636
11176 7400 17104
13062 16745 8206
6213 13848 18487
21738 60489 2645
14170 45478 17852
3259 42097 7249
33493 28633 13386
8803 54756 18132
345 22098 16402
9957 55074 5706
55601 51138 28130
9558 2796 28649
25563 10467 19646
27240 13603 22931
43515 22706 8626
65453 18735 6451
15007 59190 19450
51708 56447 19358
48708 11616 6631
1693 5676 2119
50435 448 31542
14636 64713 3650
28863 61740 31661
3148 30165 8293
3930 28548 18747
16800 13950 29073
52787 46136 19185
8626 23438 8039
14205 46916 2700
31390 61104 2286
62256 54967 30823
46274 55674 8187
41120 57852 29198
26316 47841 30557
23299 61318 32204
11978 53752 5394
60008 19085 29161
31800 18734 18202
37868 49658 19566
63257 44905 12953
16187 65207 26798
55963 59566 24686
35984 5882 4586
64992 58933 30568
19928 42315 16059
62426 5659 29630
28330 3406 5941
45916 50446 19577
552 40350 22492
10959 12463 27366
47879 46391 15839
3890 22389 27995
53588 52290 32052
44103 15186 13767
39601 35649 24468
35867 56955 3558
11545 18673 9053
34381 19955 1564
39275 9814 5092
15298 41930 28977
62041 57803 12491
16807 39732 20114
15711 11540 8261
55019 10980 26050
59123 10178 10359
414 44619 6424
12308 26209 5720
60886 1195 23302
6869 63571 23738
60931 50469 2165
27812 63806 25705
7395 51491 1025
49233 47223 3704
27503 27341 6425
10028 12249 23610
59768 31605 15175
20398 13530 7295
26060 13838 30006
57732 20967 29697
11040 56372 7212
35327 56140 10031
45330 20565 28687
24881 27185 17840
42230 60901 1336
44857 16757 19547
17492 10457 31889
31384 2925 4214
45890 12218 30686
64384 11470 24432
54012 63487 13089
25973 26704 16516
12643 53919 2415
49091 36813 16854
2131 63224 15030
3725 53986 16658
64493 60536 22858
43401 45153 16277
26949 61358 10537
6817 63251 7330
13076 60842 16470
36363 27551 5177
8291 2271 11977
3747 58508 12164
8521 23769 11699
19588 19131 31736
47147 62088 8499
53549 15304 28827
59940 40177 25773
39877 56634 29970
34693 54917 14689
31024 4708 5215
25987 16745 4082
55054 3174 5497
21646 12663 6401
40426 58036 3620
51953 46276 24070
40473 56324 6324
29082 30695 27401
7195 39576 13211
37194 13657 6900
56441 52290 2558
22645 43945 13194
33913 40334 1688
9885 60501 31559
35875 53492 11956
2027 17796 8898
42849 52745 26899
58450 41727 3130
51018 37377 5358
10120 38673 32630
29137 29186 16242
58254 55868 32044
32113 26905 27245
13729 35042 31871
3988 34510 17670
38356 18516 13911
24508 20650 32693
17301 22757 3491
1724 22575 5844
50670 33012 28867
55431 14354 7036
33870 15624 4007
16470 61103 14487
25868 52084 17269
8763 61718 580
45323 36382 22436
12890 10538 6147
51243 60251 23021
53598 10900 22085
34914 57090 32151
40674 5546 21069
14777 24353 18385
26090 11382 13198
27521 41979 30269
40093 23928 16361
888 55605 11747
47072 18664 11372
23990 20065 20510
23684 22641 2707
54433 30529 9274
54046 14027 2572
59952 126 10216
57548 39831 20881
10314 31658 7599
38510 51562 30045
13317 15800 10239
39196 5866 8248
4106 36187 14486
10720 14700 27705
46197 47853 10067
6144 38518 15022
1756 16836 12463
41051 29450 9925
60270 45855 15218
54687 15022 1264
12354 62750 26205
22639 40324 20759
34384 58450 20959
13226 48121 2069
10156 13554 12054
61550 20431 15639
49396 39092 9379
13974 3467 22993
17433 16602 25372
25020 42641 28840
34024 24572 7715
10251 45942 27198
62460 58759 23659
5988 44879 13320
35581 56597 49
5789 24578 31704
38241 13829 23283
5100 23782 1142
33541 52220 25191
59066 11322 18887
28242 26427 520
31339 31032 3859
34262 41959 23473
26853 65481 8290
10613 53687 25367
3802 51241 6155
21908 63913 27433
43298 64517 27633
64248 56745 18843
424 53195 29174
45102 1619 29737
27570 65098 435
20911 56622 15441
39570 63958 27002
47142 30236 24987
2817 36234 10016
14460 6352 26536
38578 604 18738
46998 58243 17557
43741 50978 7026
19440 4683 25981
19927 59323 22996
49521 41652 547
29930 7920 10080
26673 16786 5638
29461 20435 655
62728 16681 25701
53844 34467 30506
29468 20499 32268
33949 5754 28083
26574 23955 8922
22212 53331 17115
59052 5688 24157
48848 31022 21910
63837 15353 13820
20630 57427 2251
65435 24367 30850
42640 37898 23987
5561 47647 2574
45641 33347 24164
13384 14060 13487
32471 9212 7189
43477 34858 25907
18743 30059 6951
22490 50797 7417
48523 49718 14068
52821 18818 5312
62856 1092 25071
3491 33341 25036
54162 36067 15007
60563 505 13780
55138 47960 19573
61640 44861 23452
23586 61724 2970
25061 29483 11559
9571 37709 15638
5151 415 15836
34652 35355 6409
25886 20006 8736
8273 41533 6866
48729 55860 28461
21529 51631 13133
45652 56651 4395
22545 43082 31638
1634 58857 15064
27909 24049 10990
16609 35445 18762
13783 35695 187
13318 41868 20352
48363 2102 7098
1965 58713 26858
65437 5786 27087
2262 37845 16145
36432 22853 2092
37804 3630 11769
18647 4088 8597
54603 38818 29693
51780 1739 10511
62628 43150 11574
1125 64145 18760
65066 49283 20393
10869 52749 5476
50225 15005 17609
11210 38677 1573
54823 38775 26146
62087 6109 9858
19211 40041 24085
12189 30710 5417
28622 40438 2837
33953 53712 15486
2184 56210 21195
42301 15544 26903
52128 36144 9214
25928 12462 18123
41054 46892 2368
26057 18566 22207
1659 6037 29601
625 53291 13603
62123 6114 7169
37456 34823 4987
27709 45206 21176
53715 58326 13478
25144 10333 8357
12614 6768 2555
4777 40619 2539
39547 27983 23873
36090 61925 25059
55609 29146 18756
24714 23446 16646
64931 43966 13138
64219 41287 8421
40130 48855 4596
42263 1768 14183
4805 47233 8587
1721 22519 12765
43967 47937 17864
41879 28354 14774
10988 34085 20245
1452 44406 2006
56768 43091 15712
14151 29406 2265
3915 11929 30198
28813 17655 974
6591 37884 18499
29561 50638 9768
53010 22942 7605
5045 39742 6914
53013 14704 23327
58367 53380 14559
61566 3203 24125
35075 28874 10378
62378 4353 12371
53704 48148 210
39215 14864 3840
33 62517 32294
15213 25390 24240
12233 26039 2661
447 61889 1630
39177 4313 2136
32005 29434 10877
5151 49425 6075
51345 59702 19781
21699 1460 6580
63431 4991 5306
57715 60596 29486
30696 21223 27418
57458 43150 12661
61160 15556 27814
1183 64741 7936
54074 46621 11737
48784 63834 20818
52724 29644 26500
27280 49311 5713
16324 48158 4729
37494 27100 13968
19072 6641 667
4716 1239 4946
56414 42664 12691
4640 32137 2649
14108 63344 13181
24566 6655 3770
40082 25506 21572
57904 9652 23885
64397 38214 10891
4654 40911 27766
31465 29198 5456
57393 32232 599
58937 14907 11190
33342 23360 2469
38534 3139 12937
40734 52368 7362
19172 40766 16775
36498 39642 8132
53238 52059 29296
6692 27615 30093
8858 12017 20066
54855 60720 12583
47431 47080 16923
24997 65260 27644
41197 25733 16393
10439 11689 29353
27993 64491 28503
50814 5918 5489
29282 7625 26973
52659 11138 26277
41586 10759 8975
51082 44488 24699
6182 29822 18026
2305 61202 7461
3094 52723 32749
50536 5654 20269
5382 62190 11938
32616 57678 19802
24598 47662 2368
49274 52008 7345
24479 14270 14697
24313 55694 15437
4839 50936 13855
42287 48765 25118
19923 23809 22739
61456 54671 9429
40758 30334 21708
60035 2708 3719
60796 46735 28331
62059 24505 5322
60602 12885 8795
34501 44495 18006
32357 48021 24502
27289 26531 29561
43594 38443 14997
65177 12696 32217
375 12141 26934
50071 37078 9560
44848 31673 17432
4670 25032 25370
37169 56753 15538
26806 15311 251
14270 48125 31936
19730 30789 27381
63323 32140 9717
48065 19784 2376
4384 22951 2635
64340 24811 5477
46076 4178 16214
2909 30648 8424
2161 2258 13113
51754 63918 15648
59786 20305 30776
60848 2842 11006
12562 51189 25587
5604 62206 1636
57953 64742 29138
41799 3819 19740
22072 65049 9262
43648 13420 16656
9080 11476 30257
58930 10871 18036
43972 53837 24719
31343 27020 20984
16464 55250 3452
51571 8022 4172
4697 45144 11407
3991 39706 30579
25645 20069 30071
3223 55859 15285
681 44719 24738
47770 63585 32055
50313 57069 32588
34723 24013 16509
62480 51623 14485
17494 13530 13159
28871 17155 6023
4914 3137 12643
53861 42988 22070
9645 40465 15594
45861 10243 31840
4317 37510 2443
55053 23603 19512
35208 19918 2304
63221 59110 26174
63451 31290 1842
22866 22573 5462
40216 7282 3089
59405 48980 9849
2539 9629 18339
59892 1212 7094
62044 14240 3013
16253 10743 96
5232 47580 6250
52734 45930 13458
30953 286 4698
61825 38418 16508
25051 48017 12745
44251 23831 13331
53478 39418 23859
12471 9810 22036
16207 57736 20073
1450 25075 32127
31831 48626 23214
31379 16614 29426
47744 25029 21586
16336 48813 13204
12957 54031 2873
41232 1739 30054
64477 48324 798
27341 60139 27956
23099 53649 22949
34217 1643 8329
24816 19200 23403
