6 72 34
2766517 2961211 8045573 1495370 169156 5190353 
21 47 24232
16 36 287
33 44 31867
8 55 24615
32 46 32384
13 4 3612
55 28 4976
38 45 23398
55 58 17408
23 25 23270
30 25 13777
14 10 8448
52 27 609
24 61 6586
39 19 12451
10 7 11358
33 17 11820
60 15 7312
35 20 19731
15 23 25523
47 48 24059
17 49 27405
63 57 2522
61 14 28178
38 44 9599
45 18 11702
14 37 26850
43 6 20672
31 49 20163
20 45 8808
38 52 29992
35 0 10188
49 56 13745
25 19 3590
48 45 25827
41 7 3550
40 23 18900
4 39 24433
57 60 31715
1 27 1869
60 24 31325
53 40 30654
14 31 4668
49 12 1140
0 13 4201
8 51 19364
7 30 25380
4 36 20295
26 33 15234
56 9 21045
34 63 2075
16 10 30755
50 50 21604
8 15 29903
19 58 17482
58 35 5603
46 29 6658
32 20 29778
26 42 1071
56 59 27962
28 25 27850
52 24 30612
21 5 13687
22 37 21309
49 9 19494
43 11 14099
24 14 23340
61 31 24383
50 12 6724
61 19 31210
58 8 530
48 57 16355
