8 93 96
4960016 6151038 8168693 1343995 6059085 2753465 3573178 599297 
89 128 29200
240 77 1329
184 155 26495
97 112 7994
122 182 12214
175 41 17220
12 77 25649
74 140 11361
70 215 30537
241 24 3305
156 79 5157
68 210 4795
81 39 21839
254 72 17574
69 129 22928
189 177 5261
36 171 29953
135 144 770
239 39 3187
114 123 1134
58 196 9109
10 246 19708
159 158 23175
120 138 4063
43 250 5566
116 116 26553
208 81 25436
127 167 22810
40 22 29553
6 248 32125
4 236 13502
83 168 13353
168 116 28139
123 170 2013
151 209 2905
165 89 6968
97 152 25585
104 115 13108
213 201 31646
9 158 11821
123 255 22615
227 188 12116
77 253 26341
65 215 20854
1 57 16069
105 116 8575
101 37 24789
185 132 16419
153 54 25270
250 85 11158
47 0 26882
83 43 9526
117 223 27842
135 105 15505
123 5 7381
102 120 4151
139 230 18975
144 201 7727
46 88 17842
2 164 22796
1 223 31330
6 165 29680
212 0 26454
119 24 18184
236 144 1932
119 138 8002
114 88 12927
22 83 3907
59 134 11330
107 224 15608
158 196 32720
55 9 32299
239 234 27741
10 180 12289
210 167 14067
124 142 24665
142 148 9123
0 181 27991
254 146 17921
85 116 32422
216 94 20181
163 130 32054
93 190 3360
197 112 16766
184 188 4842
84 35 25999
139 190 25197
101 131 20341
126 138 18075
35 214 29117
213 110 4634
167 87 15129
77 37 544
