1 53 0
1856189 
1 1 4987
0 1 4654
0 1 27189
1 0 1103
1 1 17105
0 1 16668
0 0 27408
0 0 6395
0 0 14181
1 1 30658
1 0 24150
0 1 22410
1 1 28334
0 1 4896
0 1 18345
1 0 19744
1 1 23682
1 0 24052
0 0 26887
0 0 10834
1 0 8991
0 1 13549
0 0 30062
1 1 374
0 1 31086
0 0 17439
1 1 19393
0 0 12346
1 0 901
1 1 20919
1 1 7659
1 1 2170
1 1 8556
0 1 18928
0 1 10307
1 1 3148
0 1 30753
1 0 70
0 1 23857
1 0 20829
0 1 14559
0 1 23018
1 1 10511
1 1 24450
1 0 27292
1 0 21879
1 1 12883
0 1 7815
0 1 14802
0 1 9189
0 0 14828
0 1 10059
0 1 4736
